-3.321300, -3.259400, -3.263400, -3.201900, -3.201600, -3.259700, -3.197800, -3.198000, -3.202000, -3.140500, -3.140500, -3.201700, -3.140000, -3.140400
-2.811300, -3.074300, -3.063600, -3.022600, -3.029100, -3.073400, -3.025900, -3.013600, -3.021500, -2.974600, -2.970600, -3.026100, -2.976600, -2.968400
-2.796900, -2.752000, -2.735300, -2.994600, -2.986600, -2.741500, -2.997700, -3.011200, -2.996100, -2.945800, -2.954500, -2.991800, -2.955400, -2.955300
-2.777600, -2.707800, -2.724100, -2.815700, -2.818300, -2.726000, -2.828600, -2.826900, -2.814700, -2.928000, -2.922700, -2.813700, -2.914400, -2.926400
-2.740600, -2.680300, -2.695200, -2.667800, -2.663900, -2.690300, -2.667500, -2.667600, -2.656500, -2.781000, -2.782800, -2.658400, -2.784500, -2.779500
-2.736300, -2.662400, -2.682100, -2.626100, -2.628500, -2.647800, -2.602300, -2.602900, -2.639800, -2.751100, -2.755200, -2.637500, -2.760500, -2.754100
-2.706000, -2.559300, -2.530000, -2.480300, -2.499800, -2.541400, -2.496900, -2.502500, -2.491700, -2.736400, -2.730300, -2.495100, -2.724100, -2.732400
-2.296300, -2.518800, -2.525500, -2.465800, -2.452700, -2.536100, -2.468400, -2.456900, -2.456400, -2.564400, -2.565500, -2.471000, -2.565900, -2.563600
-2.267200, -2.492500, -2.494200, -2.451700, -2.435800, -2.503400, -2.420900, -2.430800, -2.444700, -2.237500, -2.232700, -2.436500, -2.238600, -2.230900
-2.263100, -2.476300, -2.456900, -2.406700, -2.413200, -2.460400, -2.405300, -2.399900, -2.413400, -2.202900, -2.215200, -2.398900, -2.215600, -2.221600
-2.252400, -2.322400, -2.317100, -2.294100, -2.313800, -2.323700, -2.304800, -2.297500, -2.290100, -2.189700, -2.181000, -2.296700, -2.181300, -2.187500
-2.215900, -2.196700, -2.186400, -2.272100, -2.257600, -2.192500, -2.272800, -2.273800, -2.267900, -2.078700, -2.064200, -2.267300, -2.074500, -2.079200
-2.196700, -2.148900, -2.179100, -2.247500, -2.247900, -2.148600, -2.248200, -2.259800, -2.239300, -2.044200, -2.051200, -2.244800, -2.043800, -2.034100
-2.191200, -2.110500, -2.127600, -2.216600, -2.209000, -2.114100, -2.210800, -2.206300, -2.219800, -2.038500, -2.034400, -2.218400, -2.030700, -2.017500
-2.177700, -2.086900, -2.107700, -2.075300, -2.084600, -2.090200, -2.098300, -2.091900, -2.099700, -2.007800, -2.009400, -2.091400, -2.016800, -2.006800
-2.153500, -2.014000, -1.993300, -2.055500, -2.049500, -1.999800, -2.049300, -2.060300, -2.038200, -1.969000, -1.992300, -2.037900, -1.970800, -1.999600
-2.130200, -1.965500, -1.951300, -1.762600, -1.776200, -1.960500, -1.773000, -1.777200, -1.775300, -1.956500, -1.952100, -1.781700, -1.952400, -1.959600
-2.117300, -1.917900, -1.929400, -1.748700, -1.752700, -1.929700, -1.741900, -1.749700, -1.738700, -1.860600, -1.864900, -1.760400, -1.851200, -1.849700
-2.107300, -1.899700, -1.893200, -1.710900, -1.713200, -1.909000, -1.719700, -1.714700, -1.726800, -1.823500, -1.808900, -1.724300, -1.830700, -1.812100
-1.734800, -1.812700, -1.804400, -1.703200, -1.697000, -1.809800, -1.711000, -1.699200, -1.708900, -1.785500, -1.786100, -1.689700, -1.779200, -1.794900
-1.693800, -1.769400, -1.774900, -1.681200, -1.674700, -1.787600, -1.675600, -1.677300, -1.672100, -1.670400, -1.683600, -1.677800, -1.685100, -1.688200
-1.663600, -1.766600, -1.747500, -1.661700, -1.653100, -1.768100, -1.651900, -1.636700, -1.655500, -1.662000, -1.640700, -1.652700, -1.660900, -1.632900
-1.644000, -1.724500, -1.740600, -1.574600, -1.571000, -1.721200, -1.566700, -1.562500, -1.564300, -1.599200, -1.613700, -1.587400, -1.595700, -1.613800
-1.604000, -1.707100, -1.701400, -1.544800, -1.546800, -1.703600, -1.547300, -1.543300, -1.545500, -1.511100, -1.506000, -1.529600, -1.515100, -1.497100
-1.595500, -1.313300, -1.281000, -1.514100, -1.522800, -1.310600, -1.527600, -1.533400, -1.521700, -1.492100, -1.483100, -1.508200, -1.480100, -1.485400
-1.589600, -1.263700, -1.264700, -1.499500, -1.494700, -1.255500, -1.503200, -1.503200, -1.494200, -1.470200, -1.465400, -1.482800, -1.471100, -1.470400
-1.548800, -1.245200, -1.245500, -1.461400, -1.480200, -1.241500, -1.475500, -1.489900, -1.467000, -1.437200, -1.441200, -1.463700, -1.447900, -1.439900
-1.167000, -1.222100, -1.232200, -1.454600, -1.429600, -1.217200, -1.431400, -1.437600, -1.448900, -1.420000, -1.428700, -1.452900, -1.420100, -1.433300
-1.138500, -1.200700, -1.197300, -1.318700, -1.330100, -1.192900, -1.324500, -1.331200, -1.331100, -1.399400, -1.401700, -1.333300, -1.399000, -1.401800
-1.098000, -1.192200, -1.185600, -1.195100, -1.191800, -1.181400, -1.198100, -1.185800, -1.185000, -1.303000, -1.300100, -1.188700, -1.319300, -1.321500
-1.068200, -1.160900, -1.172000, -1.159300, -1.159000, -1.167400, -1.172300, -1.160600, -1.165700, -1.280100, -1.287600, -1.177300, -1.302300, -1.293700
-1.035300, -1.146200, -1.121700, -1.139600, -1.150000, -1.124400, -1.140100, -1.142600, -1.143400, -1.260500, -1.270400, -1.131100, -1.261300, -1.261500
-1.019000, -1.065700, -1.078300, -1.118800, -1.115700, -1.058700, -1.090600, -1.095000, -1.115100, -1.251200, -1.264600, -1.117000, -1.231900, -1.249200
-0.697800, -1.009900, -1.046400, -1.018700, -1.022300, -1.038000, -1.020800, -1.015000, -1.013500, -1.240900, -1.229300, -1.015900, -1.221600, -1.224800
-0.667800, -0.986900, -1.005200, -0.989800, -0.983500, -1.004800, -0.984900, -0.989800, -0.985800, -1.220300, -1.188300, -1.005600, -1.207400, -1.199600
-0.648800, -0.972900, -0.972900, -0.977200, -0.973700, -0.972600, -0.967500, -0.975500, -0.968900, -1.108700, -1.114200, -0.962800, -1.092400, -1.099800
-0.623500, -0.913100, -0.870800, -0.957700, -0.942600, -0.875800, -0.942200, -0.953600, -0.951400, -1.063600, -1.061600, -0.937500, -1.072100, -1.058100
-0.605800, -0.830600, -0.857700, -0.933000, -0.928300, -0.854600, -0.927400, -0.933900, -0.920700, -1.018000, -1.033300, -0.931700, -1.022000, -1.041800
-0.603900, -0.816200, -0.801600, -0.914600, -0.906200, -0.816500, -0.893500, -0.909000, -0.915800, -0.775500, -0.775200, -0.893900, -0.790300, -0.786100
-0.595000, -0.783400, -0.778400, -0.834900, -0.852400, -0.788100, -0.831700, -0.819900, -0.824600, -0.746500, -0.756200, -0.839500, -0.766600, -0.752900
-0.589300, -0.705500, -0.696800, -0.813900, -0.796700, -0.704800, -0.813200, -0.804900, -0.809900, -0.727700, -0.720500, -0.825000, -0.729500, -0.724400
-0.575000, -0.670500, -0.663700, -0.776400, -0.786700, -0.670400, -0.793400, -0.788800, -0.791300, -0.714400, -0.705200, -0.808700, -0.695900, -0.707200
-0.553800, -0.629100, -0.648600, -0.765600, -0.766900, -0.638700, -0.781300, -0.764700, -0.764500, -0.686800, -0.685700, -0.754900, -0.685000, -0.684500
-0.540800, -0.603100, -0.614200, -0.747600, -0.755200, -0.618100, -0.752300, -0.750300, -0.755300, -0.655300, -0.660200, -0.747500, -0.656400, -0.664100
-0.526300, -0.539900, -0.537300, -0.730500, -0.743500, -0.581500, -0.737600, -0.727900, -0.737200, -0.581100, -0.571900, -0.732500, -0.587600, -0.561200
-0.516100, -0.519800, -0.518000, -0.706100, -0.700100, -0.506300, -0.727800, -0.720000, -0.702900, -0.552600, -0.543200, -0.712600, -0.555900, -0.551900
-0.514800, -0.495700, -0.515200, -0.687500, -0.697800, -0.478400, -0.672800, -0.686700, -0.691100, -0.523100, -0.530500, -0.681700, -0.514300, -0.520900
-0.503500, -0.479500, -0.481300, -0.596100, -0.588900, -0.466600, -0.585700, -0.597000, -0.599900, -0.503900, -0.511900, -0.586100, -0.500000, -0.504200
-0.490700, -0.463600, -0.461600, -0.544800, -0.543400, -0.457500, -0.556700, -0.553400, -0.550600, -0.482400, -0.476500, -0.545500, -0.492400, -0.480200
-0.487000, -0.441700, -0.449500, -0.289500, -0.276200, -0.445700, -0.282200, -0.284100, -0.298000, -0.457300, -0.464000, -0.299800, -0.439800, -0.463000
-0.470500, -0.408700, -0.432800, -0.266100, -0.263100, -0.427100, -0.265200, -0.268200, -0.265900, -0.339000, -0.338700, -0.279000, -0.334000, -0.331600
-0.466200, -0.398600, -0.401400, -0.240500, -0.255800, -0.382700, -0.249300, -0.246300, -0.237800, -0.223800, -0.234600, -0.248500, -0.219800, -0.230200
-0.445000, -0.337500, -0.343700, -0.211300, -0.231800, -0.356800, -0.227800, -0.234700, -0.223900, -0.195800, -0.187800, -0.219900, -0.211600, -0.201900
-0.428900, -0.331800, -0.312900, -0.197000, -0.200600, -0.312400, -0.203900, -0.216600, -0.206900, -0.172100, -0.175100, -0.195200, -0.185900, -0.167000
-0.413100, -0.307100, -0.294600, -0.186500, -0.184300, -0.299700, -0.182100, -0.180000, -0.196800, -0.158500, -0.150200, -0.186200, -0.172400, -0.140600
-0.388500, -0.293800, -0.283200, -0.158600, -0.146500, -0.278300, -0.157400, -0.149900, -0.160600, -0.132000, -0.135200, -0.166600, -0.119900, -0.128700
-0.366800, -0.271900, -0.263700, -0.097700, -0.088300, -0.265700, -0.085800, -0.079000, -0.075100, -0.102800, -0.112500, -0.102800, -0.093500, -0.111000
-0.123300, -0.243300, -0.252400, -0.066600, -0.049400, -0.247100, -0.066600, -0.058900, -0.067600, -0.046600, -0.039900, -0.057000, -0.040900, -0.056200
-0.113600, -0.214400, -0.241000, -0.033800, -0.039000, -0.241500, -0.048100, -0.045900, -0.035500, -0.013500, -0.018900, -0.033000, -0.021100, -0.024000
-0.078600, -0.206300, -0.204400, -0.022800, -0.032200, -0.210100, -0.019400, -0.019700, -0.022300, 0.001600, -0.011100, -0.017700, -0.004200, -0.006300
-0.059500, -0.186600, -0.171800, 0.002700, -0.017100, -0.174400, 0.007500, -0.008100, -0.001900, 0.005100, 0.012600, 0.008500, 0.021600, 0.009600
-0.047700, -0.130200, -0.110800, 0.018800, 0.029800, -0.109800, 0.031800, 0.018100, 0.026000, 0.042200, 0.020000, 0.030800, 0.029400, 0.027700
-0.028200, -0.071400, -0.094500, 0.107400, 0.107000, -0.101200, 0.099000, 0.107400, 0.092200, 0.051300, 0.054200, 0.111300, 0.047300, 0.051700
-0.016100, -0.047500, -0.045500, 0.136900, 0.144800, -0.047300, 0.146100, 0.135300, 0.136900, 0.063200, 0.066900, 0.145300, 0.065700, 0.061600
0.001600, -0.036100, -0.018800, 0.158900, 0.172300, -0.033200, 0.164200, 0.157600, 0.168300, 0.090000, 0.096300, 0.149400, 0.083200, 0.079100
0.011100, 0.210300, 0.232200, 0.197500, 0.197100, 0.226400, 0.187700, 0.194000, 0.203300, 0.097000, 0.107700, 0.210300, 0.117300, 0.095400
0.026600, 0.241200, 0.257400, 0.276200, 0.278200, 0.250500, 0.273400, 0.283500, 0.273800, 0.175900, 0.178800, 0.278300, 0.169600, 0.181700
0.032500, 0.286200, 0.273200, 0.306300, 0.306400, 0.274700, 0.289000, 0.310100, 0.299500, 0.188400, 0.195900, 0.303200, 0.204800, 0.197100
0.046300, 0.309600, 0.290800, 0.329900, 0.319300, 0.317500, 0.314000, 0.323300, 0.325600, 0.214200, 0.229000, 0.321900, 0.232500, 0.232000
0.051800, 0.346100, 0.376300, 0.353900, 0.347800, 0.356000, 0.345800, 0.347100, 0.353700, 0.232600, 0.244200, 0.339200, 0.251200, 0.244400
0.076500, 0.401500, 0.389200, 0.361500, 0.351600, 0.390100, 0.374300, 0.379300, 0.364400, 0.267100, 0.267600, 0.368500, 0.263100, 0.276800
0.087600, 0.410500, 0.409500, 0.382700, 0.390400, 0.407900, 0.401100, 0.399800, 0.396300, 0.300600, 0.280100, 0.394400, 0.267700, 0.296900
0.091800, 0.425700, 0.419700, 0.442300, 0.455100, 0.425500, 0.459800, 0.458800, 0.451800, 0.660400, 0.661900, 0.442300, 0.638400, 0.638000
0.100600, 0.442800, 0.439800, 0.474000, 0.469900, 0.444900, 0.481500, 0.479300, 0.476900, 0.676800, 0.686300, 0.468200, 0.660900, 0.666700
0.112200, 0.457800, 0.457300, 0.492600, 0.487800, 0.455900, 0.497600, 0.483900, 0.492400, 0.693600, 0.696200, 0.475700, 0.697500, 0.686200
0.124900, 0.467700, 0.472100, 0.510400, 0.504500, 0.467200, 0.513000, 0.505500, 0.519500, 0.709400, 0.707800, 0.497700, 0.718200, 0.711500
0.135100, 0.483500, 0.485300, 0.528200, 0.527200, 0.486300, 0.525900, 0.528800, 0.528600, 0.716000, 0.719900, 0.535600, 0.728800, 0.730500
0.138100, 0.508600, 0.505900, 0.552400, 0.538800, 0.501400, 0.546700, 0.553400, 0.552100, 0.729500, 0.735700, 0.556200, 0.747100, 0.738400
0.158900, 0.520800, 0.527700, 0.562700, 0.569800, 0.518100, 0.555900, 0.582800, 0.571000, 0.756700, 0.744600, 0.565700, 0.758400, 0.752000
0.195400, 0.547100, 0.547600, 0.587100, 0.598600, 0.556200, 0.591700, 0.596400, 0.576600, 0.761200, 0.761000, 0.611600, 0.767400, 0.765400
0.225400, 0.574700, 0.581500, 0.645000, 0.663100, 0.569200, 0.660500, 0.652000, 0.656200, 0.783800, 0.778400, 0.647600, 0.773500, 0.770400
1.005100, 0.654600, 0.653100, 0.664800, 0.672000, 0.650200, 0.671900, 0.666600, 0.673300, 0.800300, 0.799100, 0.666200, 0.793300, 0.809100
1.044600, 0.758800, 0.784800, 0.692900, 0.692200, 0.773400, 0.694200, 0.689200, 0.695300, 0.808100, 0.818100, 0.684600, 0.822200, 0.820900
1.057500, 0.819100, 0.811500, 0.714700, 0.711700, 0.813600, 0.705500, 0.702200, 0.712800, 0.830700, 0.828300, 0.709700, 0.837100, 0.834300
1.079000, 0.854000, 0.836200, 0.725700, 0.730600, 0.842700, 0.718800, 0.721600, 0.716900, 0.885500, 0.867700, 0.730600, 0.869800, 0.880900
1.092000, 0.866800, 0.861300, 0.740000, 0.735500, 0.858800, 0.739800, 0.726200, 0.737800, 0.897400, 0.896200, 0.743300, 0.878800, 0.889300
1.106200, 0.927100, 0.945200, 0.750700, 0.750700, 0.909000, 0.762200, 0.750700, 0.763500, 0.906800, 0.909100, 0.774600, 0.897500, 0.904100
1.116000, 0.952900, 0.959100, 0.788300, 0.786000, 0.982200, 0.790100, 0.777600, 0.801100, 0.922300, 0.925300, 0.793600, 0.920800, 0.919900
1.137800, 0.985400, 0.989900, 0.872400, 0.860700, 0.991400, 0.845300, 0.861000, 0.854900, 0.944200, 0.939700, 0.874100, 0.932300, 0.936000
1.170400, 1.001000, 0.991800, 0.901000, 0.899700, 1.010200, 0.887200, 0.894400, 0.906100, 0.961700, 0.954700, 0.881600, 0.945900, 0.957600
1.191400, 1.019400, 1.009400, 0.915200, 0.929200, 1.025700, 0.913400, 0.915600, 0.921700, 0.970800, 0.969000, 0.913300, 0.979000, 0.970400
1.215500, 1.046200, 1.013300, 0.959700, 0.935500, 1.028400, 0.956600, 0.940800, 0.935800, 0.979800, 0.983100, 0.949500, 0.990100, 0.990800
1.242400, 1.065800, 1.039500, 1.159500, 1.160600, 1.057900, 1.179100, 1.170600, 1.170900, 0.992300, 0.994400, 1.160500, 0.995900, 0.998500
1.520000, 1.080600, 1.092700, 1.171700, 1.178800, 1.103200, 1.187400, 1.193300, 1.183000, 1.004000, 1.005600, 1.172800, 1.016000, 1.008900
1.530400, 1.118700, 1.126400, 1.213800, 1.203800, 1.123000, 1.206000, 1.207000, 1.199800, 1.027400, 1.013400, 1.198900, 1.037800, 1.023700
1.541300, 1.155600, 1.159200, 1.230700, 1.227200, 1.161400, 1.226600, 1.217300, 1.225600, 1.049900, 1.053700, 1.222000, 1.051500, 1.051000
1.552100, 1.174300, 1.179000, 1.241700, 1.245200, 1.175100, 1.239900, 1.235900, 1.242900, 1.118900, 1.115600, 1.244000, 1.109300, 1.102700
1.564500, 1.193700, 1.191000, 1.264300, 1.253200, 1.187300, 1.259700, 1.250800, 1.254300, 1.138800, 1.156400, 1.255700, 1.135100, 1.144500
1.581300, 1.208000, 1.206400, 1.271500, 1.266000, 1.210000, 1.268200, 1.271700, 1.269000, 1.172800, 1.167100, 1.267800, 1.183000, 1.163300
1.587100, 1.225600, 1.225700, 1.288500, 1.274900, 1.227000, 1.272800, 1.285600, 1.275800, 1.254900, 1.253500, 1.288400, 1.252200, 1.264000
1.597000, 1.253200, 1.254800, 1.300800, 1.305100, 1.243200, 1.314400, 1.304700, 1.295800, 1.277200, 1.281000, 1.315100, 1.256600, 1.284900
1.610700, 1.277300, 1.280600, 1.316500, 1.326000, 1.271700, 1.325400, 1.331100, 1.305900, 1.300500, 1.294700, 1.333600, 1.316300, 1.302600
1.623600, 1.338600, 1.342800, 1.365200, 1.384300, 1.343400, 1.386600, 1.383800, 1.385300, 1.321500, 1.324600, 1.378800, 1.333900, 1.312900
1.631100, 1.375900, 1.388900, 1.394100, 1.400100, 1.374300, 1.395300, 1.410700, 1.408500, 1.331900, 1.344600, 1.388600, 1.338400, 1.341600
1.643800, 1.398200, 1.399300, 1.434500, 1.416400, 1.399100, 1.421300, 1.424100, 1.413300, 1.344500, 1.360200, 1.417200, 1.356700, 1.365400
1.655100, 1.445700, 1.454700, 1.451800, 1.438200, 1.443000, 1.436800, 1.430200, 1.445200, 1.388900, 1.371600, 1.438300, 1.371800, 1.402200
1.663000, 1.650600, 1.653700, 1.460400, 1.460000, 1.653800, 1.454000, 1.452100, 1.451100, 1.458900, 1.445400, 1.468500, 1.457600, 1.448200
1.669300, 1.670000, 1.677100, 1.472900, 1.473000, 1.678500, 1.467900, 1.470500, 1.483700, 1.485100, 1.478900, 1.477800, 1.467900, 1.455800
1.676500, 1.694000, 1.693100, 1.481400, 1.510700, 1.695000, 1.487300, 1.487000, 1.493600, 1.503300, 1.494000, 1.502700, 1.510100, 1.483700
1.679800, 1.713800, 1.711100, 1.524100, 1.527400, 1.709100, 1.527100, 1.528700, 1.513700, 1.516200, 1.509800, 1.529300, 1.514100, 1.507100
1.691700, 1.752800, 1.726800, 1.596200, 1.614800, 1.735900, 1.608400, 1.607300, 1.612400, 1.527500, 1.530400, 1.598700, 1.526900, 1.515800
1.703200, 1.765600, 1.755800, 1.636100, 1.627300, 1.754800, 1.628900, 1.620000, 1.639500, 1.538300, 1.555700, 1.655400, 1.560600, 1.556500
1.726400, 1.786300, 1.762800, 1.739600, 1.751500, 1.779300, 1.733200, 1.756500, 1.754900, 1.626700, 1.621200, 1.729500, 1.616300, 1.613600
1.738000, 1.798000, 1.799300, 1.767500, 1.766600, 1.797300, 1.770400, 1.772000, 1.764900, 1.643900, 1.640800, 1.756800, 1.639800, 1.647900
1.744800, 1.850200, 1.853200, 1.785700, 1.785700, 1.853000, 1.777500, 1.785900, 1.779800, 1.654000, 1.659900, 1.781200, 1.656800, 1.660300
1.749400, 1.865200, 1.873700, 1.797300, 1.801500, 1.873100, 1.799200, 1.810000, 1.801300, 1.677600, 1.672500, 1.798200, 1.673200, 1.671100
1.761300, 1.893500, 1.900100, 1.819300, 1.814100, 1.879700, 1.815700, 1.832600, 1.816500, 1.684800, 1.682700, 1.812800, 1.682000, 1.688200
1.767000, 1.917600, 1.921500, 1.845600, 1.831300, 1.909200, 1.851700, 1.840600, 1.830800, 1.700000, 1.696000, 1.848600, 1.706000, 1.706400
1.786300, 1.930700, 1.928800, 1.904200, 1.902900, 1.929500, 1.909400, 1.910600, 1.895900, 1.712500, 1.718600, 1.908700, 1.719500, 1.722600
1.796200, 1.937200, 1.953300, 1.929200, 1.921500, 1.945500, 1.927400, 1.931600, 1.930900, 1.731400, 1.737800, 1.922400, 1.739400, 1.752100
1.807200, 1.966000, 1.957800, 1.956500, 1.932500, 1.950300, 1.947400, 1.937900, 1.942100, 1.751600, 1.752100, 1.936100, 1.752100, 1.765500
1.815300, 1.990800, 1.987000, 1.964100, 1.946400, 1.995300, 1.956000, 1.947100, 1.953200, 1.815800, 1.824100, 1.951000, 1.812100, 1.830400
1.833600, 2.045400, 2.058900, 1.971100, 1.963000, 2.062400, 1.978700, 1.962200, 1.967900, 1.840100, 1.844000, 1.964800, 1.834600, 1.850200
2.087600, 2.088300, 2.099000, 1.983900, 1.984200, 2.099500, 1.994900, 1.985700, 1.975300, 1.883900, 1.860000, 1.979000, 1.873100, 1.865200
2.118000, 2.111500, 2.111800, 1.986700, 1.998900, 2.116600, 2.004100, 2.005700, 1.993500, 1.890800, 1.899000, 1.992100, 1.899200, 1.880800
2.120000, 2.152100, 2.154100, 1.999600, 2.014900, 2.144000, 2.016500, 2.013500, 2.014600, 1.900900, 1.911900, 2.017000, 1.911300, 1.897900
2.125600, 2.202800, 2.196800, 2.033700, 2.042100, 2.206200, 2.027800, 2.023400, 2.032600, 1.943600, 1.937900, 2.036100, 1.927300, 1.942300
2.137500, 2.215400, 2.221100, 2.063400, 2.062400, 2.227800, 2.033800, 2.059700, 2.055700, 2.148100, 2.132100, 2.052200, 2.122200, 2.123600
2.152600, 2.235800, 2.232700, 2.083600, 2.101600, 2.234200, 2.086900, 2.102600, 2.114900, 2.158400, 2.156100, 2.078400, 2.143100, 2.146100
2.169000, 2.261200, 2.242600, 2.112200, 2.118500, 2.245100, 2.131100, 2.124600, 2.121900, 2.176000, 2.179600, 2.099000, 2.172800, 2.176900
2.173400, 2.267400, 2.271000, 2.130600, 2.133800, 2.273500, 2.133800, 2.140400, 2.144400, 2.184000, 2.195400, 2.129500, 2.196800, 2.189000
2.189300, 2.295100, 2.283300, 2.160200, 2.151600, 2.294000, 2.150800, 2.149300, 2.153900, 2.197900, 2.204400, 2.143200, 2.209000, 2.201100
2.195100, 2.310700, 2.298900, 2.168200, 2.160500, 2.311200, 2.159500, 2.167600, 2.163900, 2.211700, 2.218700, 2.159800, 2.226200, 2.213000
2.203100, 2.351200, 2.310400, 2.177200, 2.179100, 2.328300, 2.172200, 2.177900, 2.175200, 2.220200, 2.230000, 2.177300, 2.241100, 2.222600
2.225100, 2.353100, 2.373000, 2.191900, 2.197600, 2.355800, 2.180800, 2.186900, 2.188700, 2.239200, 2.248700, 2.199100, 2.249700, 2.250200
2.234900, 2.376300, 2.387500, 2.205400, 2.212500, 2.385900, 2.196300, 2.198300, 2.207400, 2.253400, 2.260100, 2.205900, 2.257600, 2.267800
2.249200, 2.387200, 2.404900, 2.220100, 2.221300, 2.403600, 2.207000, 2.207400, 2.222300, 2.271000, 2.275400, 2.232700, 2.273400, 2.274100
2.255500, 2.407300, 2.421800, 2.233400, 2.234700, 2.420500, 2.227300, 2.210900, 2.230800, 2.285900, 2.295200, 2.239300, 2.283400, 2.298000
2.264900, 2.424700, 2.430900, 2.257400, 2.252400, 2.432100, 2.259300, 2.242400, 2.249400, 2.305800, 2.302000, 2.269700, 2.311900, 2.310900
2.276400, 2.438000, 2.440600, 2.278200, 2.270000, 2.437900, 2.291300, 2.268700, 2.268100, 2.380100, 2.387400, 2.293600, 2.365100, 2.384000
2.293100, 2.449800, 2.453100, 2.627800, 2.618900, 2.448900, 2.617200, 2.628900, 2.619600, 2.400200, 2.394200, 2.610200, 2.402600, 2.391300
2.303400, 2.463100, 2.463300, 2.642300, 2.651200, 2.462300, 2.642500, 2.650500, 2.642800, 2.415400, 2.404300, 2.638100, 2.409100, 2.419300
2.308700, 2.473600, 2.467900, 2.660400, 2.660300, 2.479300, 2.659800, 2.671500, 2.657500, 2.441000, 2.436700, 2.653800, 2.431600, 2.437000
2.317600, 2.482400, 2.485300, 2.678700, 2.666800, 2.499200, 2.678900, 2.679600, 2.671900, 2.461000, 2.443700, 2.683300, 2.448300, 2.447800
2.332900, 2.504100, 2.496600, 2.684000, 2.680500, 2.503600, 2.686600, 2.683200, 2.689000, 2.475700, 2.483800, 2.686200, 2.482000, 2.461700
2.351900, 2.515800, 2.504400, 2.694100, 2.704500, 2.511100, 2.706400, 2.687500, 2.693400, 2.563200, 2.578700, 2.695000, 2.563700, 2.558400
2.362900, 2.531700, 2.516400, 2.705000, 2.716800, 2.526900, 2.721700, 2.706500, 2.706800, 2.593600, 2.590200, 2.701900, 2.597200, 2.599200
2.636000, 2.555600, 2.542100, 2.715600, 2.735700, 2.537700, 2.735900, 2.730400, 2.715000, 2.613400, 2.599900, 2.734500, 2.625000, 2.613000
2.651100, 2.557700, 2.554500, 2.760700, 2.746300, 2.558800, 2.752600, 2.738000, 2.731200, 2.716200, 2.713700, 2.757900, 2.708100, 2.703300
2.655200, 2.580500, 2.575700, 2.790800, 2.789700, 2.582300, 2.798200, 2.799600, 2.801500, 2.725800, 2.737700, 2.776100, 2.727100, 2.739300
2.684500, 2.596600, 2.609800, 2.801500, 2.813300, 2.593600, 2.818500, 2.813800, 2.817400, 2.748900, 2.755200, 2.800000, 2.756400, 2.751100
2.691000, 2.617500, 2.627100, 2.822400, 2.824400, 2.620000, 2.838900, 2.831700, 2.831800, 2.771500, 2.770400, 2.811300, 2.782200, 2.774600
2.703500, 2.639700, 2.659300, 2.833400, 2.838600, 2.643500, 2.843900, 2.849100, 2.845600, 2.797300, 2.789500, 2.834000, 2.792400, 2.799200
2.726700, 2.662800, 2.664100, 2.850000, 2.853400, 2.653600, 2.852900, 2.862100, 2.850700, 2.825200, 2.809300, 2.854300, 2.806700, 2.821600
2.735000, 2.682300, 2.676000, 2.877700, 2.863500, 2.668500, 2.867500, 2.871100, 2.878300, 2.887800, 2.875000, 2.868300, 2.882700, 2.877300
2.739000, 2.685500, 2.690500, 2.883700, 2.874700, 2.673100, 2.880900, 2.882100, 2.879900, 2.899200, 2.894200, 2.884400, 2.899500, 2.898700
2.746600, 2.723400, 2.700500, 2.891300, 2.893100, 2.695900, 2.891500, 2.887400, 2.894600, 2.917400, 2.931800, 2.901400, 2.940100, 2.915500
2.753600, 2.730200, 2.722000, 2.895400, 2.897000, 2.738300, 2.894100, 2.900700, 2.903100, 2.930600, 2.945000, 2.913400, 2.942700, 2.931400
2.770100, 2.769800, 2.793800, 2.913400, 2.910100, 2.805700, 2.918900, 2.908100, 2.912500, 2.974100, 2.954100, 2.922600, 2.964000, 2.969300
2.784200, 2.826900, 2.818900, 2.926000, 2.928600, 2.814400, 2.929500, 2.922200, 2.926200, 2.996500, 2.988600, 2.944500, 2.987100, 2.994900
2.788500, 2.847300, 2.835800, 2.942100, 2.946200, 2.830800, 2.936200, 2.938800, 2.936600, 3.057900, 3.051200, 2.955200, 3.045600, 3.049600
2.800900, 2.866000, 2.873300, 2.961600, 2.952500, 2.856600, 2.947000, 2.955500, 2.959600, 3.074000, 3.066800, 2.965100, 3.059000, 3.064400
2.814800, 2.881600, 2.889300, 2.984800, 2.964400, 2.901400, 2.959500, 2.977700, 2.970800, 3.080300, 3.084800, 2.986700, 3.075700, 3.072100
2.818100, 3.094400, 3.095000, 3.030600, 3.030700, 3.104900, 3.009800, 3.031400, 3.028800, 3.094700, 3.094900, 3.024100, 3.093100, 3.088400
2.826200, 3.114000, 3.112700, 3.048200, 3.051800, 3.114800, 3.033600, 3.048600, 3.053900, 3.113100, 3.101800, 3.037900, 3.100900, 3.110000
2.835600, 3.125000, 3.128200, 3.060200, 3.070900, 3.122000, 3.060000, 3.066900, 3.064000, 3.120800, 3.108700, 3.063000, 3.116500, 3.119500
2.858800, 3.134100, 3.148400, 3.071400, 3.084100, 3.140300, 3.090500, 3.074800, 3.089500, 3.128700, 3.125800, 3.077000, 3.126300, 3.126300
2.865200, 3.158500, 3.160700, 3.090300, 3.101900, 3.151700, 3.100100, 3.092200, 3.100200, 3.137200, 3.142000, 3.094100, 3.132300, 3.140200
2.874900, 3.172400, 3.174800, 3.135700, 3.124800, 3.160600, 3.130300, 3.133500, 3.117400, 3.150300, 3.153700, 3.152200, 3.151000, 3.153400
2.891000, 3.183600, 3.185000, 3.194500, 3.187400, 3.179300, 3.183900, 3.185400, 3.187600, 3.158400, 3.166700, 3.176600, 3.169100, 3.172700
2.920100, 3.196400, 3.200000, 3.217100, 3.214200, 3.195900, 3.219600, 3.228800, 3.207300, 3.171200, 3.188100, 3.211300, 3.179100, 3.193900
3.190300, 3.208400, 3.210500, 3.231600, 3.228400, 3.208600, 3.232900, 3.239500, 3.241800, 3.187600, 3.200200, 3.225400, 3.199100, 3.224000
3.226000, 3.216200, 3.221800, 3.239400, 3.233000, 3.224300, 3.250900, 3.250100, 3.263700, 3.277200, 3.287400, 3.243600, 3.281700, 3.263100
3.227600, 3.237600, 3.238300, 3.261000, 3.254300, 3.230000, 3.278200, 3.266000, 3.273000, 3.311800, 3.306600, 3.264900, 3.310200, 3.303900
3.239400, 3.255900, 3.257000, 3.270400, 3.282700, 3.254600, 3.294500, 3.277900, 3.287900, 3.326300, 3.317800, 3.285700, 3.334900, 3.321800
3.402500, 3.289400, 3.305600, 3.328100, 3.329000, 3.290500, 3.324900, 3.324700, 3.336400, 3.527800, 3.528900, 3.316200, 3.530000, 3.520200
3.421000, 3.308000, 3.324000, 3.340900, 3.342800, 3.324900, 3.342600, 3.340200, 3.345700, 3.554200, 3.550200, 3.327300, 3.541100, 3.548900
3.431400, 3.317600, 3.339200, 3.368500, 3.362000, 3.334900, 3.373700, 3.365200, 3.371700, 3.561200, 3.567800, 3.356200, 3.566200, 3.573700
3.450300, 3.345600, 3.343600, 3.385800, 3.385300, 3.342200, 3.383500, 3.391800, 3.380500, 3.604700, 3.599200, 3.397100, 3.600400, 3.598500
3.689100, 3.361500, 3.355700, 3.399700, 3.394900, 3.360600, 3.399500, 3.400000, 3.394800, 3.622000, 3.619700, 3.407000, 3.627700, 3.619300
3.712800, 3.369100, 3.368700, 3.420500, 3.410700, 3.364400, 3.422500, 3.416100, 3.406700, 3.642100, 3.635300, 3.413200, 3.646500, 3.641100
3.727600, 3.383500, 3.370800, 3.424400, 3.432400, 3.377100, 3.433000, 3.421800, 3.422500, 3.656100, 3.657600, 3.426800, 3.670500, 3.658600
3.739400, 3.386500, 3.381300, 3.445600, 3.444500, 3.390600, 3.439900, 3.435700, 3.437000, 3.667700, 3.668400, 3.444100, 3.683900, 3.675400
3.752900, 3.406700, 3.388900, 3.452500, 3.456100, 3.400400, 3.456500, 3.443900, 3.446600, 3.689100, 3.682600, 3.455600, 3.691200, 3.697800
3.767700, 3.418400, 3.401200, 3.471800, 3.480600, 3.413300, 3.467100, 3.478600, 3.451000, 3.728900, 3.721100, 3.475000, 3.724300, 3.718900
3.778000, 3.437200, 3.422100, 3.510500, 3.524700, 3.431600, 3.514300, 3.528000, 3.522700, 3.748500, 3.741900, 3.524500, 3.733100, 3.744900
3.787100, 3.449300, 3.469000, 3.554400, 3.550700, 3.471300, 3.535200, 3.541500, 3.543900, 3.760600, 3.763800, 3.543800, 3.745700, 3.766400
3.792800, 3.640700, 3.657500, 3.563700, 3.558800, 3.656200, 3.559500, 3.557600, 3.568900, 3.768800, 3.772600, 3.561900, 3.763300, 3.778800
3.803800, 3.668300, 3.673500, 3.578400, 3.584900, 3.673900, 3.575900, 3.581500, 3.579000, 3.779600, 3.788500, 3.571200, 3.783500, 3.788200
3.815500, 3.681400, 3.687000, 3.587000, 3.596800, 3.685500, 3.586100, 3.590500, 3.587200, 3.798400, 3.796000, 3.589900, 3.790700, 3.795000
3.832400, 3.708400, 3.697600, 3.603300, 3.600900, 3.701200, 3.597600, 3.604900, 3.598300, 3.812400, 3.811700, 3.617600, 3.806800, 3.811700
3.837200, 3.719700, 3.722800, 3.623200, 3.617600, 3.725400, 3.611300, 3.617900, 3.619100, 3.823500, 3.824300, 3.626700, 3.818300, 3.820400
3.840000, 3.731100, 3.736600, 3.651400, 3.628300, 3.741000, 3.629000, 3.635200, 3.626600, 3.836900, 3.837800, 3.641400, 3.830700, 3.834200
3.859000, 3.756400, 3.750700, 3.663500, 3.651400, 3.758400, 3.653600, 3.661300, 3.649200, 3.844400, 3.854700, 3.647900, 3.857900, 3.848200
3.865100, 3.779100, 3.758700, 3.670900, 3.661600, 3.772600, 3.681400, 3.668900, 3.668100, 3.860100, 3.868800, 3.664200, 3.868700, 3.857400
3.870500, 3.804500, 3.805400, 3.686600, 3.698300, 3.808900, 3.700000, 3.696500, 3.704600, 3.875900, 3.874600, 3.692300, 3.874900, 3.873600
3.879400, 3.826200, 3.829100, 3.708600, 3.708900, 3.825100, 3.717200, 3.707700, 3.707700, 3.881400, 3.881700, 3.708300, 3.889900, 3.878600
3.896300, 3.845400, 3.848800, 3.772700, 3.770000, 3.849000, 3.750700, 3.761000, 3.772700, 3.888100, 3.891900, 3.773400, 3.907000, 3.896300
3.910700, 3.871900, 3.855000, 3.796400, 3.802400, 3.866200, 3.813600, 3.795300, 3.808600, 3.907800, 3.915400, 3.805700, 3.915700, 3.915200
3.912400, 3.885500, 3.866100, 3.904300, 3.905500, 3.873900, 3.902700, 3.899500, 3.906500, 3.966400, 3.959600, 3.903000, 3.963200, 3.972400
3.921900, 3.890300, 3.877100, 3.918500, 3.914600, 3.883100, 3.916200, 3.904800, 3.910600, 3.986100, 3.982700, 3.921200, 3.980300, 3.990000
3.944200, 3.904300, 3.893400, 3.993300, 4.005800, 3.894300, 4.000600, 3.996600, 3.994600, 4.006900, 4.001600, 3.971000, 3.994200, 4.000100
3.952900, 3.912900, 3.910900, 4.013000, 4.017100, 3.913800, 4.013000, 4.005400, 4.018600, 4.021700, 4.027300, 4.008500, 4.028000, 4.013000
4.150600, 3.933200, 3.926000, 4.024100, 4.030800, 3.922600, 4.031500, 4.034800, 4.043800, 4.031700, 4.043300, 4.031900, 4.049900, 4.019800
4.160700, 3.953600, 3.940000, 4.056200, 4.056100, 3.945500, 4.050200, 4.051000, 4.055400, 4.068300, 4.070600, 4.044600, 4.065500, 4.069000
4.176400, 3.965600, 3.953800, 4.063500, 4.060900, 3.950200, 4.071000, 4.064800, 4.068400, 4.114200, 4.116100, 4.078600, 4.117500, 4.101700
4.184500, 3.986900, 3.974200, 4.086300, 4.087000, 3.971000, 4.084700, 4.091500, 4.085300, 4.120900, 4.121700, 4.091500, 4.125600, 4.121000
4.194000, 4.004100, 4.019700, 4.188200, 4.196600, 4.022900, 4.194500, 4.204100, 4.198400, 4.152700, 4.135400, 4.181700, 4.145300, 4.139400
4.197600, 4.024200, 4.025900, 4.207800, 4.209600, 4.035400, 4.200800, 4.214500, 4.204300, 4.184800, 4.206400, 4.210900, 4.188300, 4.193000
4.199500, 4.041000, 4.034400, 4.235600, 4.228900, 4.046500, 4.219500, 4.224600, 4.232600, 4.210300, 4.217900, 4.222700, 4.218200, 4.219200
4.213200, 4.057300, 4.056100, 4.242700, 4.241300, 4.060900, 4.234300, 4.240300, 4.241000, 4.235900, 4.226300, 4.228800, 4.228000, 4.226300
4.221300, 4.063100, 4.076800, 4.260100, 4.251300, 4.068200, 4.251900, 4.253900, 4.255100, 4.251400, 4.242000, 4.254200, 4.235500, 4.247900
4.237200, 4.078800, 4.085100, 4.269400, 4.265400, 4.080300, 4.271900, 4.265100, 4.260400, 4.257000, 4.259000, 4.269000, 4.267100, 4.265600
4.248300, 4.087800, 4.098500, 4.280900, 4.281700, 4.092600, 4.277800, 4.271700, 4.271300, 4.268000, 4.270700, 4.278700, 4.288500, 4.271800
4.252100, 4.107200, 4.100600, 4.295100, 4.289700, 4.103500, 4.289400, 4.281000, 4.293400, 4.298500, 4.293400, 4.286400, 4.295700, 4.297400
4.256800, 4.116900, 4.116900, 4.306000, 4.298100, 4.122100, 4.299800, 4.297400, 4.298900, 4.309200, 4.317200, 4.295600, 4.298000, 4.310300
4.269700, 4.131900, 4.141000, 4.316200, 4.317400, 4.128100, 4.308100, 4.313800, 4.308800, 4.324000, 4.325800, 4.319500, 4.317600, 4.319600
4.277400, 4.149900, 4.154900, 4.328800, 4.319600, 4.143400, 4.319100, 4.320100, 4.324900, 4.337400, 4.344100, 4.335700, 4.335300, 4.331700
4.281200, 4.171300, 4.173800, 4.331300, 4.334400, 4.179600, 4.335100, 4.332300, 4.327300, 4.345900, 4.348200, 4.346900, 4.344100, 4.352900
4.282800, 4.195200, 4.222100, 4.341900, 4.341700, 4.200200, 4.350200, 4.351600, 4.348300, 4.360600, 4.363100, 4.358400, 4.359500, 4.362500
4.290500, 4.488900, 4.517400, 4.362300, 4.359700, 4.504900, 4.362500, 4.367500, 4.370400, 4.375900, 4.375300, 4.361900, 4.381500, 4.371800
4.303100, 4.532800, 4.523600, 4.367300, 4.368000, 4.519300, 4.373300, 4.376200, 4.374100, 4.389800, 4.387200, 4.376100, 4.386500, 4.392600
4.322100, 4.554000, 4.548400, 4.392800, 4.395900, 4.543700, 4.384600, 4.390800, 4.399300, 4.407200, 4.399300, 4.411000, 4.402000, 4.404100
4.322700, 4.565300, 4.568700, 4.484900, 4.499900, 4.556200, 4.475100, 4.488500, 4.480700, 4.445100, 4.444200, 4.497600, 4.424000, 4.445800
4.335300, 4.571300, 4.573200, 4.552400, 4.561400, 4.587400, 4.546100, 4.552900, 4.563500, 4.474700, 4.461400, 4.551800, 4.447600, 4.455200
4.343900, 4.594500, 4.590400, 4.559100, 4.568500, 4.596200, 4.568200, 4.566000, 4.577900, 4.480700, 4.479400, 4.566600, 4.469000, 4.481300
4.353300, 4.606900, 4.607700, 4.585300, 4.593600, 4.617000, 4.598200, 4.599000, 4.599100, 4.493300, 4.497400, 4.572500, 4.490600, 4.488300
4.424400, 4.635700, 4.621700, 4.611400, 4.608400, 4.647400, 4.614500, 4.613600, 4.614700, 4.505800, 4.501300, 4.608300, 4.501400, 4.513800
4.442200, 4.739500, 4.744100, 4.627100, 4.613200, 4.723200, 4.635100, 4.634400, 4.626700, 4.518500, 4.511900, 4.617800, 4.509900, 4.517800
4.469000, 4.755800, 4.759200, 4.639900, 4.629500, 4.760800, 4.644600, 4.649500, 4.632200, 4.525700, 4.523200, 4.638400, 4.523200, 4.527100
4.472500, 4.769600, 4.769200, 4.651900, 4.635400, 4.774300, 4.661500, 4.653500, 4.658400, 4.533500, 4.532800, 4.651200, 4.532600, 4.540000
4.482300, 4.785200, 4.783000, 4.669600, 4.663300, 4.788700, 4.672500, 4.666800, 4.671300, 4.547600, 4.540500, 4.665900, 4.546200, 4.548200
4.492500, 4.813100, 4.802500, 4.681700, 4.695500, 4.797900, 4.694400, 4.678000, 4.685000, 4.558700, 4.551100, 4.683600, 4.554800, 4.561000
4.494900, 4.823700, 4.816300, 4.700400, 4.700400, 4.814200, 4.700300, 4.703400, 4.694400, 4.571900, 4.569700, 4.698000, 4.569500, 4.568400
4.501200, 4.835800, 4.836500, 4.714300, 4.724000, 4.826300, 4.715300, 4.712200, 4.716100, 4.575300, 4.577500, 4.718800, 4.579900, 4.577300
4.505900, 4.847200, 4.853200, 4.715800, 4.735000, 4.849200, 4.721100, 4.722800, 4.735100, 4.581300, 4.590800, 4.725700, 4.591700, 4.590100
4.518800, 4.874900, 4.897200, 4.740100, 4.745900, 4.885500, 4.730900, 4.736900, 4.738400, 4.592500, 4.600300, 4.740500, 4.608600, 4.598400
4.526600, 4.891100, 4.905700, 4.752700, 4.753300, 4.902100, 4.749900, 4.755200, 4.746000, 4.604600, 4.607500, 4.751500, 4.617500, 4.611300
4.538300, 4.916500, 4.926400, 4.769400, 4.778400, 4.922800, 4.763000, 4.764400, 4.762900, 4.617500, 4.629000, 4.764200, 4.624100, 4.614700
4.544400, 4.945500, 4.930200, 4.796300, 4.790500, 4.926300, 4.786900, 4.795100, 4.786000, 4.624700, 4.637500, 4.792000, 4.633400, 4.625100
4.550200, 4.949600, 4.944300, 4.822000, 4.808000, 4.939200, 4.814800, 4.810900, 4.804100, 4.648100, 4.643700, 4.807000, 4.644300, 4.645300
4.558600, 4.964800, 4.966400, 4.832100, 4.842400, 4.961300, 4.835300, 4.833400, 4.819100, 4.657900, 4.650200, 4.840400, 4.649900, 4.654300
4.561400, 4.976100, 4.976400, 4.849600, 4.856400, 4.983900, 4.862300, 4.867100, 4.850500, 4.676100, 4.669500, 4.853900, 4.677700, 4.675900
4.570800, 4.989600, 4.989800, 4.895400, 4.886100, 4.995400, 4.891600, 4.874400, 4.888600, 4.685800, 4.676700, 4.892400, 4.695600, 4.708600
4.577800, 4.999300, 5.007400, 4.918400, 4.914100, 5.008500, 4.909200, 4.917800, 4.922500, 4.830100, 4.829400, 4.911600, 4.836200, 4.828300
4.590400, 5.015500, 5.016000, 4.932300, 4.931800, 5.013700, 4.923300, 4.936100, 4.928300, 4.852100, 4.878900, 4.928900, 4.853500, 4.873900
4.599100, 5.046300, 5.034500, 4.937300, 4.941400, 5.039000, 4.946200, 4.946800, 4.943100, 4.905100, 4.885200, 4.943700, 4.905100, 4.894000
4.605600, 5.060900, 5.059400, 4.952400, 4.959900, 5.047900, 4.962800, 4.957000, 4.962400, 4.966400, 4.973100, 4.960000, 4.958000, 4.967100
4.612000, 5.072700, 5.081600, 4.969300, 4.975200, 5.077000, 4.972800, 4.981400, 4.967900, 4.977100, 4.980400, 4.977900, 4.972100, 4.973000
4.622300, 5.090500, 5.094500, 4.977600, 4.989000, 5.091900, 4.993900, 4.988700, 4.991400, 4.992000, 4.993400, 4.995900, 4.997600, 4.992100
4.640100, 5.109200, 5.112300, 4.998300, 4.997800, 5.102400, 5.013100, 4.995700, 5.002500, 4.997800, 5.008100, 4.997800, 5.006900, 5.004400
4.895800, 5.118200, 5.129800, 5.015500, 5.007300, 5.108800, 5.018200, 5.008400, 5.015400, 5.022000, 5.012500, 5.009200, 5.012900, 5.019600
4.911100, 5.127900, 5.133500, 5.029800, 5.017600, 5.136200, 5.031000, 5.034900, 5.031300, 5.036600, 5.021200, 5.034000, 5.026000, 5.043200
4.917400, 5.149500, 5.152000, 5.045400, 5.039800, 5.151700, 5.038600, 5.040100, 5.040800, 5.082300, 5.065900, 5.037600, 5.068600, 5.074500
5.333300, 5.165500, 5.156100, 5.053900, 5.052400, 5.159100, 5.058900, 5.047300, 5.055000, 5.089400, 5.084000, 5.057400, 5.076800, 5.088400
5.340700, 5.175700, 5.171700, 5.062900, 5.063700, 5.168200, 5.065100, 5.064600, 5.073900, 5.099400, 5.097100, 5.074100, 5.105900, 5.092700
5.360200, 5.188700, 5.183800, 5.090300, 5.092900, 5.183900, 5.089300, 5.081600, 5.080100, 5.106300, 5.106200, 5.081300, 5.115200, 5.103200
5.371800, 5.198100, 5.195200, 5.112100, 5.106900, 5.197900, 5.096300, 5.106700, 5.097600, 5.118800, 5.120800, 5.093600, 5.128700, 5.120400
5.381300, 5.218500, 5.218900, 5.123200, 5.119000, 5.225200, 5.109700, 5.109600, 5.116800, 5.142800, 5.139400, 5.121000, 5.154400, 5.126500
5.398900, 5.242000, 5.237800, 5.179200, 5.173400, 5.241400, 5.171600, 5.182200, 5.176100, 5.154400, 5.157100, 5.168000, 5.162300, 5.159100
5.410000, 5.278400, 5.284200, 5.215100, 5.208100, 5.278800, 5.194000, 5.199200, 5.195000, 5.170800, 5.175800, 5.198700, 5.181400, 5.171100
5.418300, 5.290700, 5.294000, 5.311500, 5.320600, 5.302200, 5.317100, 5.307000, 5.302100, 5.198600, 5.187200, 5.308000, 5.201700, 5.195700
5.430200, 5.309600, 5.323300, 5.323500, 5.328900, 5.311600, 5.331500, 5.325600, 5.327000, 5.207400, 5.208500, 5.327300, 5.222500, 5.211300
5.434300, 5.332000, 5.331200, 5.359000, 5.348900, 5.328500, 5.348000, 5.349700, 5.352200, 5.218000, 5.237600, 5.353900, 5.227700, 5.225000
5.454600, 5.343200, 5.343100, 5.368500, 5.366500, 5.341100, 5.373700, 5.360600, 5.376500, 5.237000, 5.243000, 5.362300, 5.243100, 5.231900
5.478600, 5.356700, 5.353600, 5.387100, 5.386100, 5.352100, 5.381400, 5.375800, 5.388500, 5.247800, 5.253300, 5.381300, 5.251900, 5.258100
5.767800, 5.365700, 5.373000, 5.398500, 5.402000, 5.383800, 5.402300, 5.413600, 5.413900, 5.262200, 5.276400, 5.413400, 5.266900, 5.274100
5.788600, 5.387500, 5.390100, 5.415000, 5.428100, 5.391100, 5.417500, 5.437400, 5.417500, 5.280000, 5.298200, 5.434600, 5.273400, 5.279500
5.805200, 5.406800, 5.413800, 5.466900, 5.459700, 5.411800, 5.456100, 5.459100, 5.463300, 5.302600, 5.304400, 5.466100, 5.311700, 5.295300
5.843900, 5.422100, 5.429700, 5.494800, 5.511400, 5.427100, 5.517600, 5.480200, 5.508800, 5.312200, 5.310300, 5.506500, 5.318400, 5.321700
5.849000, 5.436500, 5.441500, 5.536400, 5.539600, 5.436300, 5.537400, 5.534300, 5.541400, 5.331900, 5.325300, 5.548900, 5.327900, 5.333000
5.866900, 5.459700, 5.447800, 5.559700, 5.557800, 5.457100, 5.557000, 5.543100, 5.550600, 5.439900, 5.427000, 5.559700, 5.422000, 5.413000
5.876000, 5.464300, 5.461200, 5.570700, 5.566400, 5.463500, 5.571400, 5.574000, 5.570400, 5.456700, 5.448300, 5.573900, 5.445600, 5.442400
5.880900, 5.474400, 5.473900, 5.585100, 5.595700, 5.483200, 5.588200, 5.593200, 5.585400, 5.466500, 5.460400, 5.588300, 5.459900, 5.465100
5.884200, 5.490400, 5.489100, 5.617400, 5.617700, 5.492100, 5.627600, 5.619900, 5.616000, 5.492600, 5.495100, 5.626600, 5.480100, 5.491400
5.886900, 5.498700, 5.495200, 5.633800, 5.629000, 5.498300, 5.641900, 5.634700, 5.640100, 5.510100, 5.507100, 5.643900, 5.501900, 5.506300
5.907100, 5.511100, 5.503800, 5.642200, 5.651500, 5.515000, 5.658200, 5.662900, 5.652600, 5.524900, 5.516800, 5.647300, 5.543900, 5.532300
5.912500, 5.518900, 5.514000, 5.670500, 5.666300, 5.522500, 5.671600, 5.684100, 5.665800, 5.536100, 5.561800, 5.668900, 5.553600, 5.544100
5.924400, 5.538000, 5.524400, 5.706700, 5.683300, 5.532400, 5.687400, 5.696400, 5.696600, 5.553600, 5.571000, 5.686000, 5.566900, 5.551000
5.936100, 5.545300, 5.536200, 5.716900, 5.708100, 5.542400, 5.703700, 5.710300, 5.704300, 5.576500, 5.594200, 5.703800, 5.574200, 5.572800
5.936500, 5.565600, 5.551200, 5.725100, 5.720900, 5.555000, 5.716700, 5.719000, 5.711300, 5.597700, 5.599800, 5.722400, 5.579300, 5.592100
5.950700, 5.581300, 5.565700, 5.737500, 5.729900, 5.562800, 5.721700, 5.734400, 5.726500, 5.611200, 5.616200, 5.727400, 5.585700, 5.610100
5.956000, 5.601500, 5.576200, 5.746400, 5.746700, 5.584900, 5.747200, 5.744900, 5.736500, 5.637000, 5.625500, 5.736500, 5.637600, 5.634600
5.961600, 5.612400, 5.617300, 5.760200, 5.757800, 5.618200, 5.760200, 5.754800, 5.752900, 5.652300, 5.642100, 5.752700, 5.653700, 5.641600
5.970000, 5.629000, 5.642100, 5.769500, 5.771200, 5.632200, 5.776500, 5.775700, 5.767700, 5.670600, 5.664300, 5.768100, 5.669700, 5.665800
5.974100, 5.656200, 5.660000, 5.788500, 5.793700, 5.651900, 5.783700, 5.791100, 5.786200, 5.686300, 5.678300, 5.786900, 5.695200, 5.677000
5.979900, 5.683800, 5.694100, 5.802400, 5.801700, 5.672600, 5.794800, 5.794700, 5.808800, 5.717900, 5.701600, 5.796300, 5.716600, 5.708300
5.985500, 5.705100, 5.704100, 5.810300, 5.819000, 5.707800, 5.813300, 5.823900, 5.818300, 5.771500, 5.778100, 5.833000, 5.776200, 5.772500
5.999800, 5.806400, 5.818400, 5.841200, 5.838500, 5.818500, 5.844700, 5.850900, 5.844100, 5.780600, 5.794700, 5.845600, 5.782600, 5.787700
6.004800, 5.828100, 5.831600, 5.870200, 5.861900, 5.830100, 5.861100, 5.868300, 5.871900, 5.798300, 5.798400, 5.863800, 5.796900, 5.801600
6.013400, 5.928500, 5.961900, 5.882600, 5.895400, 5.953300, 5.883800, 5.880700, 5.885400, 5.813600, 5.811900, 5.889400, 5.817400, 5.813400
6.021300, 5.983100, 5.986400, 5.903800, 5.905600, 5.988000, 5.925500, 5.906200, 5.915500, 5.846800, 5.828400, 5.893900, 5.835500, 5.853600
6.029400, 6.005200, 6.005500, 5.926300, 5.928300, 6.002400, 5.943200, 5.927000, 5.927100, 5.852600, 5.859900, 5.925100, 5.853800, 5.865300
6.042800, 6.014800, 6.016600, 5.971500, 5.957700, 6.019500, 5.951800, 5.959700, 5.953400, 5.877300, 5.878500, 5.966200, 5.878500, 5.872400
6.048300, 6.047400, 6.031600, 5.994900, 5.992100, 6.029200, 5.985000, 5.984100, 5.969000, 5.885700, 5.883000, 5.979300, 5.887200, 5.891600
6.053000, 6.070300, 6.046700, 6.000700, 6.000500, 6.049300, 5.989400, 5.991300, 6.000700, 5.897300, 5.893800, 6.001800, 5.907600, 5.907500
6.062900, 6.078300, 6.063800, 6.018600, 6.022900, 6.063800, 6.009200, 6.015100, 6.023200, 5.918300, 5.927000, 6.010600, 5.914700, 5.919200
6.079200, 6.082500, 6.081200, 6.032700, 6.038400, 6.084100, 6.034500, 6.024600, 6.033400, 5.930500, 5.931800, 6.025400, 5.924500, 5.927300
6.087900, 6.110900, 6.093600, 6.044600, 6.039200, 6.104100, 6.042900, 6.054600, 6.045000, 5.950700, 5.944000, 6.044900, 5.949500, 5.946100
6.105400, 6.143100, 6.116900, 6.065200, 6.052000, 6.134300, 6.070400, 6.063500, 6.068200, 5.970500, 5.952900, 6.055300, 5.962600, 5.952700
6.123600, 6.156900, 6.170500, 6.071700, 6.083700, 6.150700, 6.074300, 6.079300, 6.087800, 5.983100, 5.968100, 6.088900, 5.975000, 5.969900
6.144800, 6.168000, 6.190400, 6.094100, 6.093200, 6.171100, 6.090700, 6.108000, 6.101300, 5.987200, 5.985500, 6.109500, 5.989200, 5.977700
6.165100, 6.205600, 6.205700, 6.101800, 6.111500, 6.213300, 6.105200, 6.117000, 6.108700, 5.998200, 6.004300, 6.113400, 5.998800, 6.009300
6.189100, 6.234400, 6.223300, 6.116000, 6.130200, 6.234000, 6.123100, 6.118700, 6.117100, 6.008900, 6.014400, 6.133900, 6.006200, 6.014100
6.195200, 6.252200, 6.268400, 6.123700, 6.147400, 6.277900, 6.143600, 6.142600, 6.139600, 6.027200, 6.025000, 6.139400, 6.028000, 6.031100
6.358900, 6.290600, 6.293500, 6.176100, 6.160900, 6.291900, 6.166900, 6.151100, 6.162400, 6.032400, 6.032800, 6.158800, 6.039600, 6.047400
6.372900, 6.309100, 6.334100, 6.229500, 6.212400, 6.306100, 6.211900, 6.213600, 6.233200, 6.049900, 6.052400, 6.213900, 6.051700, 6.054100
6.375200, 6.328600, 6.340000, 6.240800, 6.234800, 6.324800, 6.250900, 6.250000, 6.239400, 6.070400, 6.059200, 6.228300, 6.065500, 6.080200
6.397900, 6.343400, 6.355300, 6.258400, 6.247400, 6.361100, 6.263600, 6.260800, 6.266700, 6.369600, 6.378900, 6.248900, 6.373900, 6.380800
6.408800, 6.372500, 6.371300, 6.265700, 6.264300, 6.389400, 6.272900, 6.279400, 6.271000, 6.398000, 6.412300, 6.270700, 6.392800, 6.401400
6.421800, 6.408400, 6.403200, 6.276000, 6.280600, 6.398200, 6.291300, 6.286000, 6.283500, 6.418400, 6.417900, 6.289700, 6.421500, 6.417100
6.429400, 6.429400, 6.433800, 6.283500, 6.292900, 6.425000, 6.304100, 6.299400, 6.292800, 6.439400, 6.439700, 6.297200, 6.434700, 6.432100
6.458500, 6.508700, 6.495700, 6.306300, 6.311700, 6.495200, 6.321400, 6.315500, 6.320400, 6.446700, 6.448800, 6.311200, 6.454700, 6.447200
6.470800, 6.528600, 6.520900, 6.328700, 6.320300, 6.524300, 6.331800, 6.327500, 6.328900, 6.468800, 6.471000, 6.338100, 6.466300, 6.473700
6.476100, 6.541800, 6.533200, 6.352100, 6.343400, 6.537100, 6.353400, 6.355400, 6.350500, 6.509200, 6.504700, 6.345700, 6.507400, 6.502900
6.489700, 6.562800, 6.545500, 6.366400, 6.355100, 6.548400, 6.362900, 6.368700, 6.364500, 6.522400, 6.514100, 6.361100, 6.517700, 6.520100
6.512300, 6.571200, 6.583800, 6.377300, 6.378200, 6.564900, 6.389400, 6.383800, 6.385600, 6.533700, 6.530400, 6.380700, 6.528600, 6.530300
6.622300, 6.596500, 6.598700, 6.396400, 6.389800, 6.613900, 6.399800, 6.391800, 6.400600, 6.595500, 6.594900, 6.389800, 6.586000, 6.578600
6.637800, 6.625600, 6.617200, 6.401100, 6.412200, 6.625700, 6.408500, 6.407300, 6.406700, 6.602300, 6.602500, 6.401700, 6.605000, 6.600700
6.644100, 6.632400, 6.633200, 6.416400, 6.418000, 6.637600, 6.421100, 6.417400, 6.426000, 6.618400, 6.617600, 6.416100, 6.614500, 6.616400
6.668600, 6.656000, 6.646700, 6.425200, 6.432600, 6.655900, 6.432100, 6.435100, 6.430100, 6.631700, 6.624300, 6.427400, 6.631000, 6.636300
6.677000, 6.661800, 6.654500, 6.448800, 6.439100, 6.662200, 6.445300, 6.446500, 6.442100, 6.639700, 6.636500, 6.441200, 6.637500, 6.655000
6.698900, 6.678000, 6.669500, 6.457900, 6.454400, 6.670600, 6.450800, 6.452500, 6.457000, 6.658200, 6.643300, 6.452700, 6.657400, 6.664800
6.704200, 6.685600, 6.673600, 6.465200, 6.467400, 6.679400, 6.467200, 6.466300, 6.465600, 6.672700, 6.663700, 6.459800, 6.671700, 6.670700
6.711600, 6.692400, 6.679700, 6.479600, 6.486100, 6.689300, 6.482400, 6.482700, 6.479800, 6.682300, 6.675000, 6.475700, 6.686700, 6.679600
6.733000, 6.696400, 6.692900, 6.492500, 6.494100, 6.705800, 6.493500, 6.497000, 6.491300, 6.691400, 6.687500, 6.494300, 6.693100, 6.700500
6.739400, 6.704300, 6.705600, 6.504200, 6.511700, 6.714000, 6.500100, 6.511000, 6.500900, 6.704200, 6.710400, 6.505600, 6.709100, 6.702100
6.744600, 6.714500, 6.714200, 6.514700, 6.520700, 6.722000, 6.515500, 6.518700, 6.516100, 6.726200, 6.723000, 6.518100, 6.729600, 6.724400
6.750700, 6.724300, 6.725600, 6.535400, 6.538800, 6.731500, 6.532000, 6.530000, 6.535800, 6.741300, 6.744700, 6.531300, 6.740900, 6.740300
6.814500, 6.739100, 6.734900, 6.570900, 6.558500, 6.739800, 6.549900, 6.556200, 6.557600, 6.781400, 6.792800, 6.562700, 6.777800, 6.793400
6.853800, 6.747700, 6.752700, 6.583600, 6.579300, 6.745300, 6.577600, 6.576400, 6.568700, 6.809700, 6.809800, 6.592100, 6.817700, 6.810000
6.862300, 6.758200, 6.756200, 6.601100, 6.591400, 6.752700, 6.590100, 6.596500, 6.589500, 6.820400, 6.814900, 6.605900, 6.819800, 6.822700
6.872300, 6.764100, 6.763500, 6.616900, 6.620500, 6.761500, 6.607500, 6.602900, 6.616600, 6.842300, 6.849300, 6.615400, 6.834500, 6.846200
6.892100, 6.772000, 6.768500, 6.640500, 6.647400, 6.772700, 6.646000, 6.647900, 6.645300, 6.852800, 6.858100, 6.635900, 6.858500, 6.863300
6.907700, 6.778900, 6.779100, 6.683200, 6.664300, 6.781800, 6.683100, 6.677800, 6.682600, 6.873600, 6.871400, 6.676300, 6.872900, 6.874800
6.919000, 6.788500, 6.789700, 6.700200, 6.702300, 6.788900, 6.693300, 6.696800, 6.695400, 6.898500, 6.898400, 6.713600, 6.891700, 6.892400
6.924500, 6.794800, 6.795700, 6.771600, 6.771600, 6.804900, 6.743800, 6.747300, 6.755100, 6.908500, 6.924300, 6.764400, 6.910300, 6.913800
6.927800, 6.814800, 6.807500, 6.839600, 6.836900, 6.812500, 6.836100, 6.826500, 6.826600, 6.925000, 6.937100, 6.829900, 6.925200, 6.937600
6.941600, 6.822700, 6.822900, 6.861100, 6.867400, 6.822600, 6.861000, 6.852300, 6.866000, 6.933700, 6.953000, 6.864700, 6.942700, 6.951900
6.950400, 6.831100, 6.832200, 6.951900, 6.956700, 6.831200, 6.948500, 6.968900, 6.940400, 6.952900, 6.957600, 6.947300, 6.957700, 6.960300
6.959300, 6.846900, 6.855100, 6.970900, 6.977700, 6.843100, 6.968200, 6.979300, 6.969900, 6.972100, 6.972800, 6.972800, 6.969100, 6.967700
6.968500, 6.853600, 6.870600, 6.991000, 6.983500, 6.866300, 6.990300, 6.996300, 6.990400, 6.978700, 6.985500, 6.991500, 6.984100, 6.983600
6.985700, 6.871900, 6.881000, 7.003200, 7.004400, 6.871900, 6.999200, 7.005400, 6.999900, 6.997800, 7.002100, 7.007100, 6.994200, 6.994900
6.993000, 6.896900, 6.887300, 7.029500, 7.032900, 6.889700, 7.039100, 7.049300, 7.033800, 7.038000, 7.030100, 7.028200, 7.017500, 7.025500
6.999500, 6.906600, 6.905400, 7.050000, 7.054300, 6.900200, 7.062900, 7.055900, 7.054400, 7.079300, 7.085100, 7.057000, 7.080000, 7.065600
7.007000, 6.924900, 6.914300, 7.080400, 7.077100, 6.924200, 7.072600, 7.062300, 7.085000, 7.108600, 7.103300, 7.070300, 7.106400, 7.090600
7.020300, 6.939600, 6.941900, 7.095200, 7.093600, 6.944200, 7.087700, 7.090000, 7.097700, 7.114600, 7.122600, 7.079400, 7.121500, 7.102900
7.023900, 6.970400, 6.960500, 7.100400, 7.114000, 6.965800, 7.103700, 7.110500, 7.114400, 7.128900, 7.134800, 7.103000, 7.131000, 7.129800
7.031900, 6.979900, 6.977300, 7.118000, 7.124800, 7.006900, 7.121400, 7.120600, 7.116700, 7.141100, 7.148000, 7.120000, 7.144700, 7.144900
7.038800, 7.024700, 7.008400, 7.134900, 7.132100, 7.016500, 7.126500, 7.133200, 7.133900, 7.157200, 7.160500, 7.132600, 7.155500, 7.156300
7.044600, 7.041100, 7.026100, 7.149800, 7.146700, 7.033500, 7.151800, 7.151000, 7.145400, 7.183100, 7.181800, 7.156500, 7.185800, 7.184900
7.052200, 7.046300, 7.052300, 7.162500, 7.156300, 7.055700, 7.171200, 7.165700, 7.154000, 7.199700, 7.194600, 7.169300, 7.201700, 7.188000
7.062600, 7.062300, 7.067200, 7.185700, 7.183400, 7.075300, 7.192000, 7.172700, 7.177500, 7.212000, 7.202100, 7.176200, 7.217600, 7.203700
7.067300, 7.087800, 7.092300, 7.190900, 7.206600, 7.085500, 7.205600, 7.192600, 7.213800, 7.223200, 7.217500, 7.208700, 7.221400, 7.211800
7.076300, 7.097000, 7.102600, 7.225000, 7.213600, 7.104700, 7.232900, 7.215900, 7.226100, 7.234200, 7.230200, 7.234900, 7.240700, 7.240900
7.090700, 7.107900, 7.120300, 7.238400, 7.262500, 7.117500, 7.245500, 7.253600, 7.255700, 7.246700, 7.238500, 7.255100, 7.250600, 7.255500
7.098400, 7.134400, 7.131400, 7.293000, 7.289300, 7.127700, 7.259200, 7.272300, 7.273400, 7.269600, 7.278200, 7.288700, 7.258800, 7.268600
7.104300, 7.140000, 7.156300, 7.345000, 7.361300, 7.156000, 7.337200, 7.336300, 7.362200, 7.285500, 7.291600, 7.342100, 7.280900, 7.296900
7.117700, 7.171900, 7.180700, 7.369500, 7.374700, 7.184500, 7.357600, 7.360700, 7.378800, 7.301600, 7.311900, 7.367400, 7.302600, 7.315500
7.136900, 7.191400, 7.197900, 7.385700, 7.389900, 7.208100, 7.382300, 7.375500, 7.384700, 7.376200, 7.373900, 7.386300, 7.381300, 7.382200
7.142500, 7.229500, 7.220200, 7.407000, 7.399600, 7.210800, 7.407600, 7.409300, 7.414700, 7.383900, 7.391800, 7.413100, 7.387700, 7.401100
7.146600, 7.253800, 7.255100, 7.423400, 7.416600, 7.244800, 7.433800, 7.420900, 7.426400, 7.403000, 7.400400, 7.426600, 7.412300, 7.404100
7.164400, 7.264300, 7.284500, 7.441300, 7.443000, 7.249800, 7.445700, 7.443000, 7.441500, 7.430300, 7.413500, 7.444800, 7.419400, 7.410500
7.182300, 7.408000, 7.419800, 7.462200, 7.453100, 7.418600, 7.463800, 7.466000, 7.452200, 7.434300, 7.424500, 7.458500, 7.429800, 7.424500
7.203100, 7.437200, 7.429800, 7.470700, 7.474900, 7.428400, 7.480000, 7.476500, 7.470900, 7.445500, 7.437200, 7.474200, 7.450600, 7.437700
7.263800, 7.455500, 7.452200, 7.486400, 7.493500, 7.449900, 7.501100, 7.494600, 7.481200, 7.456800, 7.451500, 7.490800, 7.458500, 7.449300
7.277700, 7.463200, 7.470100, 7.503800, 7.504100, 7.460700, 7.510600, 7.518400, 7.508300, 7.465600, 7.463200, 7.508600, 7.463400, 7.461300
7.292100, 7.549200, 7.539400, 7.520800, 7.529700, 7.548200, 7.526900, 7.540400, 7.523900, 7.475500, 7.467900, 7.532200, 7.481500, 7.477100
7.300600, 7.560300, 7.553300, 7.536300, 7.545100, 7.553800, 7.543600, 7.549700, 7.539800, 7.516000, 7.528700, 7.543100, 7.499100, 7.505500
7.304800, 7.569300, 7.574900, 7.561600, 7.558000, 7.569300, 7.547000, 7.562400, 7.552500, 7.534500, 7.535000, 7.553200, 7.534000, 7.529200
7.316600, 7.578700, 7.588800, 7.565300, 7.564200, 7.589500, 7.579200, 7.571200, 7.564600, 7.542000, 7.542900, 7.572000, 7.552900, 7.550700
7.334100, 7.591700, 7.592000, 7.576600, 7.574900, 7.599600, 7.582600, 7.578700, 7.575400, 7.563100, 7.564100, 7.579100, 7.572600, 7.560100
7.346000, 7.604600, 7.601100, 7.599600, 7.595200, 7.607600, 7.600500, 7.602700, 7.601100, 7.575300, 7.576300, 7.596500, 7.585000, 7.570400
7.352200, 7.614100, 7.610000, 7.604600, 7.606500, 7.619200, 7.614000, 7.611500, 7.612200, 7.597200, 7.597100, 7.607400, 7.594000, 7.586800
7.361800, 7.623000, 7.621300, 7.655500, 7.625800, 7.623500, 7.637700, 7.629500, 7.649900, 7.605600, 7.611700, 7.653000, 7.616500, 7.618300
7.374500, 7.635600, 7.633800, 7.669200, 7.672100, 7.627800, 7.679000, 7.669100, 7.664000, 7.620700, 7.632000, 7.659300, 7.620100, 7.624100
7.395900, 7.640900, 7.649700, 7.686900, 7.693900, 7.638900, 7.691000, 7.688300, 7.689100, 7.642700, 7.635300, 7.682500, 7.638400, 7.651400
7.403900, 7.648800, 7.659100, 7.708100, 7.709800, 7.654100, 7.708900, 7.712100, 7.703900, 7.694200, 7.696200, 7.705300, 7.687300, 7.675500
7.421300, 7.657100, 7.666300, 7.719000, 7.718700, 7.657500, 7.729900, 7.719300, 7.714400, 7.724500, 7.709700, 7.713700, 7.715700, 7.704200
7.435500, 7.675900, 7.673800, 7.731500, 7.730900, 7.673700, 7.741700, 7.734800, 7.737400, 7.734900, 7.722900, 7.737000, 7.745200, 7.716600
7.444600, 7.682000, 7.687100, 7.745800, 7.737000, 7.678100, 7.748000, 7.752600, 7.754600, 7.746400, 7.749600, 7.758800, 7.752100, 7.749700
7.450100, 7.690400, 7.694000, 7.757000, 7.770700, 7.688000, 7.763300, 7.764600, 7.763200, 7.775800, 7.766100, 7.763400, 7.767100, 7.775200
7.475400, 7.701900, 7.708100, 7.775900, 7.782000, 7.700500, 7.773800, 7.767400, 7.779100, 7.783900, 7.787400, 7.780700, 7.782000, 7.788800
7.485100, 7.713600, 7.710900, 7.792200, 7.796000, 7.705100, 7.787200, 7.793600, 7.789800, 7.804100, 7.810900, 7.790800, 7.810500, 7.815200
7.490900, 7.721200, 7.723000, 7.797400, 7.807100, 7.711700, 7.805300, 7.808100, 7.799800, 7.820100, 7.818600, 7.800300, 7.818800, 7.831300
7.498100, 7.734500, 7.729200, 7.818300, 7.813900, 7.728500, 7.815800, 7.814000, 7.819300, 7.831100, 7.827700, 7.810300, 7.829900, 7.840600
7.507500, 7.737200, 7.746500, 7.824100, 7.824300, 7.741700, 7.825900, 7.834200, 7.822100, 7.838100, 7.849500, 7.832100, 7.845600, 7.854200
7.512500, 7.758400, 7.763100, 7.837700, 7.834500, 7.754700, 7.843300, 7.843200, 7.828700, 7.857000, 7.859000, 7.833500, 7.857300, 7.857500
7.521100, 7.768800, 7.768500, 7.853500, 7.852000, 7.765600, 7.845500, 7.857500, 7.848800, 7.882000, 7.881900, 7.849700, 7.872300, 7.873900
7.535500, 7.780700, 7.776700, 7.861200, 7.864300, 7.785900, 7.864500, 7.872900, 7.871300, 7.944300, 7.951900, 7.858800, 7.938600, 7.942300
7.543500, 7.814300, 7.807000, 7.880800, 7.866600, 7.799500, 7.877900, 7.884700, 7.877300, 7.959600, 7.957400, 7.874000, 7.953200, 7.963300
7.551000, 7.861200, 7.847000, 7.900100, 7.882200, 7.856100, 7.893400, 7.887400, 7.898300, 7.977500, 7.988400, 7.891500, 7.981100, 7.988200
7.569500, 7.894600, 7.874300, 7.906900, 7.908000, 7.895000, 7.897500, 7.898900, 7.909500, 7.997500, 8.011600, 7.904600, 8.018100, 8.008500
7.582100, 7.902200, 7.922600, 7.913100, 7.921800, 7.905300, 7.924600, 7.914900, 7.927500, 8.048300, 8.022100, 7.932400, 8.032700, 8.033300
7.590300, 7.935700, 7.931200, 7.948900, 7.950000, 7.923400, 7.933500, 7.941900, 7.947700, 8.052100, 8.046200, 7.950000, 8.051900, 8.040500
7.594800, 7.951900, 7.960800, 7.958200, 7.963600, 7.961100, 7.955600, 7.963600, 7.964300, 8.060000, 8.058000, 7.963300, 8.062100, 8.061700
7.605100, 7.983400, 7.978500, 7.981400, 7.976300, 7.980700, 7.981900, 7.984600, 7.977800, 8.073000, 8.072400, 7.993000, 8.069000, 8.075800
7.606100, 7.985400, 7.994200, 8.001300, 8.008700, 7.989200, 7.994500, 7.990700, 7.983800, 8.087100, 8.093900, 8.004300, 8.083700, 8.089700
7.646900, 8.001600, 8.019700, 8.041700, 8.030100, 8.020800, 8.041300, 8.015900, 8.032100, 8.094300, 8.096900, 8.039000, 8.100700, 8.098500
7.657500, 8.036500, 8.062700, 8.052700, 8.058000, 8.046700, 8.046400, 8.034400, 8.050600, 8.106100, 8.110200, 8.047000, 8.115800, 8.112200
7.662600, 8.079200, 8.069000, 8.067000, 8.071400, 8.069500, 8.060000, 8.060700, 8.070800, 8.121100, 8.124300, 8.056700, 8.122000, 8.123500
7.871100, 8.084700, 8.089500, 8.085600, 8.079800, 8.091800, 8.085900, 8.079800, 8.082500, 8.195000, 8.186100, 8.065500, 8.190200, 8.183700
7.921300, 8.100000, 8.098100, 8.093200, 8.092100, 8.099100, 8.090300, 8.089900, 8.091000, 8.210500, 8.193200, 8.094000, 8.206500, 8.206400
7.949300, 8.120600, 8.113700, 8.120000, 8.108500, 8.121400, 8.112300, 8.117500, 8.111100, 8.226500, 8.220300, 8.115200, 8.217800, 8.216400
7.981700, 8.134400, 8.128300, 8.159900, 8.143300, 8.131300, 8.148900, 8.152300, 8.160300, 8.247800, 8.239800, 8.155800, 8.239900, 8.238800
7.993300, 8.146900, 8.142400, 8.262100, 8.235000, 8.146300, 8.250900, 8.246500, 8.255000, 8.256700, 8.260100, 8.254500, 8.247500, 8.254200
8.018400, 8.163300, 8.163400, 8.271200, 8.290300, 8.160000, 8.282900, 8.284900, 8.287900, 8.262600, 8.269600, 8.270400, 8.267300, 8.275400
8.485000, 8.177600, 8.180200, 8.296900, 8.300500, 8.177600, 8.316300, 8.312600, 8.297200, 8.274900, 8.279900, 8.305900, 8.276900, 8.284500
8.514600, 8.187700, 8.191400, 8.324800, 8.319500, 8.190200, 8.320500, 8.335700, 8.322900, 8.296000, 8.315800, 8.331900, 8.300100, 8.307100
8.528600, 8.197100, 8.197900, 8.373400, 8.362100, 8.199500, 8.354000, 8.362400, 8.365500, 8.312600, 8.325500, 8.345100, 8.329600, 8.319100
8.533700, 8.207400, 8.214800, 8.377900, 8.381600, 8.207300, 8.376600, 8.384700, 8.381000, 8.331600, 8.333100, 8.374100, 8.338200, 8.334600
8.546100, 8.218400, 8.219700, 8.386200, 8.393400, 8.212200, 8.396200, 8.390900, 8.383500, 8.344900, 8.341100, 8.390900, 8.354500, 8.341600
8.555200, 8.232600, 8.225700, 8.407000, 8.409900, 8.225400, 8.400300, 8.414100, 8.408000, 8.354600, 8.353900, 8.405400, 8.360800, 8.359500
8.559500, 8.246700, 8.236600, 8.434300, 8.434600, 8.239600, 8.438900, 8.426000, 8.427400, 8.367200, 8.366100, 8.443500, 8.366300, 8.375100
8.572100, 8.249100, 8.252100, 8.464000, 8.479100, 8.243400, 8.471000, 8.463400, 8.469400, 8.381900, 8.376800, 8.472200, 8.380000, 8.383500
8.583100, 8.266400, 8.260400, 8.511600, 8.494500, 8.258800, 8.487400, 8.490600, 8.493000, 8.391400, 8.398300, 8.490600, 8.394400, 8.393700
8.588600, 8.271500, 8.265700, 8.521300, 8.520200, 8.272300, 8.518200, 8.506300, 8.510700, 8.414500, 8.404700, 8.521400, 8.402800, 8.406000
8.590700, 8.276700, 8.275300, 8.532300, 8.528000, 8.286200, 8.528100, 8.523100, 8.539600, 8.421300, 8.408400, 8.533800, 8.417100, 8.413200
8.603100, 8.291700, 8.285000, 8.543300, 8.546600, 8.293100, 8.557300, 8.544900, 8.551500, 8.429000, 8.426300, 8.545700, 8.429700, 8.425500
8.605700, 8.304100, 8.299900, 8.574000, 8.565300, 8.299500, 8.579600, 8.571700, 8.583800, 8.451200, 8.441900, 8.557500, 8.446400, 8.442400
8.613100, 8.319100, 8.307900, 8.596400, 8.597700, 8.313200, 8.588400, 8.588100, 8.600800, 8.557000, 8.557600, 8.590500, 8.544900, 8.559900
8.624400, 8.325200, 8.321200, 8.614200, 8.611400, 8.330900, 8.607200, 8.609100, 8.615300, 8.580400, 8.579800, 8.597300, 8.573100, 8.572700
8.629300, 8.330100, 8.338900, 8.627100, 8.621600, 8.339900, 8.613900, 8.616300, 8.632400, 8.601500, 8.591100, 8.618800, 8.594800, 8.598200
8.634800, 8.359700, 8.341100, 8.636800, 8.628400, 8.351600, 8.632900, 8.632200, 8.640800, 8.610200, 8.617000, 8.638800, 8.611300, 8.607900
8.641000, 8.364300, 8.350500, 8.646100, 8.635700, 8.366700, 8.642900, 8.644200, 8.649100, 8.615100, 8.629400, 8.650000, 8.626200, 8.624300
8.658800, 8.370400, 8.364200, 8.657000, 8.653300, 8.372800, 8.652600, 8.649000, 8.652900, 8.637900, 8.636600, 8.657400, 8.635700, 8.637600
8.666800, 8.392800, 8.389600, 8.661400, 8.666800, 8.397400, 8.664900, 8.665000, 8.669700, 8.650800, 8.655400, 8.672000, 8.652400, 8.640900
8.686700, 8.404400, 8.402400, 8.676900, 8.679000, 8.407800, 8.683100, 8.682000, 8.678600, 8.656700, 8.668600, 8.680700, 8.662700, 8.654900
8.690500, 8.440800, 8.424700, 8.691100, 8.693000, 8.438300, 8.687700, 8.688300, 8.692300, 8.660700, 8.677500, 8.693700, 8.671500, 8.670000
8.697900, 8.457400, 8.469800, 8.698900, 8.702400, 8.451000, 8.693700, 8.700500, 8.695100, 8.670400, 8.681500, 8.700000, 8.685000, 8.682000
8.707400, 8.471900, 8.489100, 8.713700, 8.711900, 8.488600, 8.707900, 8.710400, 8.709900, 8.689200, 8.696200, 8.715500, 8.692500, 8.690700
8.744100, 8.547600, 8.549400, 8.728300, 8.732800, 8.546400, 8.717200, 8.723200, 8.719500, 8.694800, 8.711100, 8.726100, 8.695300, 8.698600
8.754800, 8.567300, 8.567700, 8.739400, 8.736900, 8.567100, 8.741800, 8.736900, 8.734100, 8.712900, 8.716800, 8.739200, 8.708200, 8.714600
8.776400, 8.588200, 8.599000, 8.746700, 8.757200, 8.590000, 8.758000, 8.748400, 8.748600, 8.726800, 8.720100, 8.753000, 8.732100, 8.733000
8.779000, 8.603800, 8.614500, 8.755200, 8.766800, 8.597400, 8.765600, 8.753300, 8.754100, 8.738900, 8.736800, 8.762000, 8.745300, 8.748200
8.789400, 8.620900, 8.634700, 8.767400, 8.778100, 8.612500, 8.768600, 8.772800, 8.772000, 8.758600, 8.753800, 8.780100, 8.755100, 8.759500
8.789900, 8.660500, 8.645900, 8.786800, 8.798800, 8.635600, 8.784200, 8.796200, 8.792200, 8.772500, 8.764000, 8.798300, 8.765200, 8.766000
8.805500, 8.681400, 8.681100, 8.805200, 8.812800, 8.694500, 8.802200, 8.818900, 8.808000, 8.776100, 8.779700, 8.812700, 8.773800, 8.786000
8.809500, 8.747400, 8.751300, 8.825500, 8.820000, 8.745800, 8.832100, 8.828600, 8.828400, 8.803300, 8.798800, 8.832900, 8.790400, 8.797400
8.822300, 8.778200, 8.781600, 8.840900, 8.843000, 8.777900, 8.848900, 8.850500, 8.836900, 8.812000, 8.803400, 8.842800, 8.805900, 8.804600
8.826700, 8.808400, 8.812000, 8.850500, 8.850400, 8.797600, 8.857100, 8.862000, 8.857600, 8.825200, 8.810700, 8.858700, 8.819200, 8.815000
8.833600, 8.833400, 8.826000, 8.871700, 8.860400, 8.839100, 8.866800, 8.880200, 8.874000, 8.830900, 8.826100, 8.871000, 8.827400, 8.837600
8.847900, 9.031900, 9.040500, 8.885400, 8.881500, 9.033500, 8.886600, 8.888200, 8.888100, 8.846700, 8.837000, 8.888600, 8.843400, 8.847000
8.856600, 9.058900, 9.061900, 8.897000, 8.903900, 9.049200, 8.895400, 8.900200, 8.899100, 8.860000, 8.856200, 8.896000, 8.847600, 8.857400
8.863300, 9.083000, 9.076000, 8.910400, 8.920700, 9.081400, 8.909500, 8.912600, 8.915100, 8.875400, 8.867400, 8.908400, 8.871600, 8.864200
8.871600, 9.105100, 9.103400, 8.923700, 8.935600, 9.097000, 8.930600, 8.925700, 8.928900, 8.884500, 8.877400, 8.918300, 8.890100, 8.882600
8.876600, 9.118700, 9.135100, 8.939100, 8.943100, 9.119200, 8.941700, 8.940100, 8.943400, 8.899500, 8.900100, 8.945600, 8.902100, 8.893500
8.883700, 9.144400, 9.141900, 8.957500, 8.951900, 9.142100, 8.964400, 8.958000, 8.959400, 8.909300, 8.912400, 8.957200, 8.916300, 8.901400
8.894700, 9.157500, 9.154100, 8.971600, 8.976900, 9.165000, 8.983100, 8.980500, 8.971600, 8.921100, 8.919600, 8.964900, 8.921100, 8.920900
8.900400, 9.188700, 9.178700, 8.996200, 8.997100, 9.169000, 8.997500, 8.995200, 8.985100, 8.939800, 8.932500, 8.993500, 8.936400, 8.933700
8.913500, 9.194400, 9.204000, 9.019800, 9.012700, 9.200100, 9.019900, 9.010600, 9.012100, 8.948200, 8.942300, 9.016500, 8.952300, 8.951700
8.915700, 9.204800, 9.218600, 9.037900, 9.028500, 9.215700, 9.033800, 9.024000, 9.037200, 8.970600, 8.962400, 9.036300, 8.958200, 8.971200
8.923200, 9.220100, 9.227100, 9.046800, 9.042300, 9.230100, 9.039700, 9.046000, 9.038700, 8.977000, 8.976400, 9.045800, 8.966200, 8.977300
8.934400, 9.238700, 9.237300, 9.052600, 9.050700, 9.234000, 9.049800, 9.056700, 9.059300, 8.984300, 8.990000, 9.058400, 8.983900, 8.989100
8.938200, 9.250400, 9.245900, 9.077300, 9.062800, 9.254800, 9.068000, 9.073200, 9.069700, 8.999100, 9.001600, 9.069600, 9.000200, 9.004900
8.941100, 9.260400, 9.257700, 9.084000, 9.086200, 9.263100, 9.076500, 9.079200, 9.085100, 9.023200, 9.013400, 9.079300, 9.025100, 9.026800
8.958700, 9.273100, 9.268400, 9.094300, 9.092100, 9.276200, 9.086100, 9.088800, 9.095900, 9.068500, 9.068500, 9.082200, 9.072200, 9.056000
8.970200, 9.285400, 9.280500, 9.103000, 9.109600, 9.282100, 9.100700, 9.114700, 9.101100, 9.095700, 9.095400, 9.111200, 9.084200, 9.086000
8.981600, 9.296300, 9.291900, 9.114600, 9.142000, 9.299100, 9.124800, 9.123700, 9.136600, 9.116600, 9.116800, 9.123100, 9.121700, 9.123200
8.990500, 9.300400, 9.306300, 9.153000, 9.154100, 9.310600, 9.146700, 9.154100, 9.148000, 9.171900, 9.169800, 9.157300, 9.176500, 9.175600
8.998200, 9.310100, 9.311100, 9.170700, 9.166200, 9.321200, 9.168800, 9.170600, 9.154800, 9.200800, 9.194300, 9.167500, 9.201500, 9.196900
