-3.2020
-3.0215
-2.9961
-2.8147
-2.6565
-2.6398
-2.4917
-2.4564
-2.4447
-2.4134
-2.2901
-2.2679
-2.2393
-2.2198
-2.0997
-2.0382
-1.7753
-1.7387
-1.7268
-1.7089
-1.6721
-1.6555
-1.5643
-1.5455
-1.5217
-1.4942
-1.4670
-1.4489
-1.3311
-1.1850
-1.1657
-1.1434
-1.1151
-1.0135
-0.9858
-0.9689
-0.9514
-0.9207
-0.9158
-0.8246
-0.8099
-0.7913
-0.7645
-0.7553
-0.7372
-0.7029
-0.6911
-0.5999
-0.5506
-0.2980
-0.2659
-0.2378
-0.2239
-0.2069
-0.1968
-0.1606
-0.0751
-0.0676
-0.0355
-0.0223
-0.0019
 0.0260
 0.0922
 0.1369
 0.1683
 0.2033
 0.2738
 0.2995
 0.3256
 0.3537
 0.3644
 0.3963
 0.4518
 0.4769
 0.4924
 0.5195
 0.5286
 0.5521
 0.5710
 0.5766
 0.6562
 0.6733
 0.6953
 0.7128
 0.7169
 0.7378
 0.7635
 0.8011
 0.8549
 0.9061
 0.9217
 0.9358
 1.1709
 1.1830
 1.1998
 1.2256
 1.2429
 1.2543
 1.2690
 1.2758
 1.2958
 1.3059
 1.3853
 1.4085
 1.4133
 1.4452
 1.4511
 1.4837
 1.4936
 1.5137
 1.6124
 1.6395
 1.7549
 1.7649
 1.7798
 1.8013
 1.8165
 1.8308
 1.8959
 1.9309
 1.9421
 1.9532
 1.9679
 1.9753
 1.9935
 2.0146
 2.0326
 2.0557
 2.1149
 2.1219
 2.1444
 2.1539
 2.1639
 2.1752
 2.1887
 2.2074
 2.2223
 2.2308
 2.2494
 2.2681
 2.6196
 2.6428
 2.6575
 2.6719
 2.6890
 2.6934
 2.7068
 2.7150
 2.7312
 2.8015
 2.8174
 2.8318
 2.8456
 2.8507
 2.8783
 2.8799
 2.8946
 2.9031
 2.9125
 2.9262
 2.9366
 2.9596
 2.9708
 3.0288
 3.0539
 3.0640
 3.0895
 3.1002
 3.1174
 3.1876
 3.2073
 3.2418
 3.2637
 3.2730
 3.2879
 3.3364
 3.3457
 3.3717
 3.3805
 3.3948
 3.4067
 3.4225
 3.4370
 3.4466
 3.4510
 3.5227
 3.5439
 3.5689
 3.5790
 3.5872
 3.5983
 3.6191
 3.6266
 3.6492
 3.6681
 3.7046
 3.7077
 3.7727
 3.8086
 3.9065
 3.9106
 3.9946
 4.0186
 4.0438
 4.0554
 4.0684
 4.0853
 4.1984
 4.2043
 4.2326
 4.2410
 4.2551
 4.2604
 4.2713
 4.2934
 4.2989
 4.3088
 4.3249
 4.3273
 4.3483
 4.3704
 4.3741
 4.3993
 4.4807
 4.5635
 4.5779
 4.5991
 4.6147
 4.6267
 4.6322
 4.6584
 4.6713
 4.6850
 4.6944
 4.7161
 4.7351
 4.7384
 4.7460
 4.7629
 4.7860
 4.8041
 4.8191
 4.8505
 4.8886
 4.9225
 4.9283
 4.9431
 4.9624
 4.9679
 4.9914
 5.0025
 5.0154
 5.0313
 5.0408
 5.0550
 5.0739
 5.0801
 5.0976
 5.1168
 5.1761
 5.1950
 5.3021
 5.3270
 5.3522
 5.3765
 5.3885
 5.4139
 5.4175
 5.4633
 5.5088
 5.5414
 5.5506
 5.5704
 5.5854
 5.6160
 5.6401
 5.6526
 5.6658
 5.6966
 5.7043
 5.7113
 5.7265
 5.7365
 5.7529
 5.7677
 5.7862
 5.8088
 5.8183
 5.8441
 5.8719
 5.8854
 5.9155
 5.9271
 5.9534
 5.9690
 6.0007
 6.0232
 6.0334
 6.0450
 6.0682
 6.0878
 6.1013
 6.1087
 6.1171
 6.1396
 6.1624
 6.2332
 6.2394
 6.2667
 6.2710
 6.2835
 6.2928
 6.3204
 6.3289
 6.3505
 6.3645
 6.3856
 6.4006
 6.4067
 6.4260
 6.4301
 6.4421
 6.4570
 6.4656
 6.4798
 6.4913
 6.5009
 6.5161
 6.5358
 6.5576
 6.5687
 6.5895
 6.6166
 6.6453
 6.6826
 6.6954
 6.7551
 6.8266
 6.8660
 6.9404
 6.9699
 6.9904
 6.9999
 7.0338
 7.0544
 7.0850
 7.0977
 7.1144
 7.1167
 7.1339
 7.1454
 7.1540
 7.1775
 7.2138
 7.2261
 7.2557
 7.2734
 7.3622
 7.3788
 7.3847
 7.4147
 7.4264
 7.4415
 7.4522
 7.4709
 7.4812
 7.5083
 7.5239
 7.5398
 7.5525
 7.5646
 7.5754
 7.6011
 7.6122
 7.6499
 7.6640
 7.6891
 7.7039
 7.7144
 7.7374
 7.7546
 7.7632
 7.7791
 7.7898
 7.7998
 7.8193
 7.8221
 7.8287
 7.8488
 7.8713
 7.8773
 7.8983
 7.9095
 7.9275
 7.9477
 7.9643
 7.9778
 7.9838
 8.0321
 8.0506
 8.0708
 8.0825
 8.0910
 8.1111
 8.1603
 8.2550
 8.2879
 8.2972
 8.3229
 8.3655
 8.3810
 8.3835
 8.4080
 8.4274
 8.4694
 8.4930
 8.5107
 8.5396
 8.5515
 8.5838
 8.6008
 8.6153
 8.6324
 8.6408
 8.6491
 8.6529
 8.6697
 8.6786
 8.6923
 8.6951
 8.7099
 8.7195
 8.7341
 8.7486
 8.7541
 8.7720
 8.7922
 8.8080
 8.8284
 8.8369
 8.8576
 8.8740
 8.8881
 8.8991
 8.9151
 8.9289
 8.9434
 8.9594
 8.9716
 8.9851
 9.0121
 9.0372
 9.0387
 9.0593
 9.0697
 9.0851
 9.0959
 9.1011
 9.1366
 9.1480
 9.1548
