-3.3213
-2.8113
-2.7969
-2.7776
-2.7406
-2.7363
-2.7060
-2.2963
-2.2672
-2.2631
-2.2524
-2.2159
-2.1967
-2.1912
-2.1777
-2.1535
-2.1302
-2.1173
-2.1073
-1.7348
-1.6938
-1.6636
-1.6440
-1.6040
-1.5955
-1.5896
-1.5488
-1.1670
-1.1385
-1.0980
-1.0682
-1.0353
-1.0190
-0.6978
-0.6678
-0.6488
-0.6235
-0.6058
-0.6039
-0.5950
-0.5893
-0.5750
-0.5538
-0.5408
-0.5263
-0.5161
-0.5148
-0.5035
-0.4907
-0.4870
-0.4705
-0.4662
-0.4450
-0.4289
-0.4131
-0.3885
-0.3668
-0.1233
-0.1136
-0.0786
-0.0595
-0.0477
-0.0282
-0.0161
 0.0016
 0.0111
 0.0266
 0.0325
 0.0463
 0.0518
 0.0765
 0.0876
 0.0918
 0.1006
 0.1122
 0.1249
 0.1351
 0.1381
 0.1589
 0.1954
 0.2254
 1.0051
 1.0446
 1.0575
 1.0790
 1.0920
 1.1062
 1.1160
 1.1378
 1.1704
 1.1914
 1.2155
 1.2424
 1.5200
 1.5304
 1.5413
 1.5521
 1.5645
 1.5813
 1.5871
 1.5970
 1.6107
 1.6236
 1.6311
 1.6438
 1.6551
 1.6630
 1.6693
 1.6765
 1.6798
 1.6917
 1.7032
 1.7264
 1.7380
 1.7448
 1.7494
 1.7613
 1.7670
 1.7863
 1.7962
 1.8072
 1.8153
 1.8336
 2.0876
 2.1180
 2.1200
 2.1256
 2.1375
 2.1526
 2.1690
 2.1734
 2.1893
 2.1951
 2.2031
 2.2251
 2.2349
 2.2492
 2.2555
 2.2649
 2.2764
 2.2931
 2.3034
 2.3087
 2.3176
 2.3329
 2.3519
 2.3629
 2.6360
 2.6511
 2.6552
 2.6845
 2.6910
 2.7035
 2.7267
 2.7350
 2.7390
 2.7466
 2.7536
 2.7701
 2.7842
 2.7885
 2.8009
 2.8148
 2.8181
 2.8262
 2.8356
 2.8588
 2.8652
 2.8749
 2.8910
 2.9201
 3.1903
 3.2260
 3.2276
 3.2394
 3.4025
 3.4210
 3.4314
 3.4503
 3.6891
 3.7128
 3.7276
 3.7394
 3.7529
 3.7677
 3.7780
 3.7871
 3.7928
 3.8038
 3.8155
 3.8324
 3.8372
 3.8400
 3.8590
 3.8651
 3.8705
 3.8794
 3.8963
 3.9107
 3.9124
 3.9219
 3.9442
 3.9529
 4.1506
 4.1607
 4.1764
 4.1845
 4.1940
 4.1976
 4.1995
 4.2132
 4.2213
 4.2372
 4.2483
 4.2521
 4.2568
 4.2697
 4.2774
 4.2812
 4.2828
 4.2905
 4.3031
 4.3221
 4.3227
 4.3353
 4.3439
 4.3533
 4.4244
 4.4422
 4.4690
 4.4725
 4.4823
 4.4925
 4.4949
 4.5012
 4.5059
 4.5188
 4.5266
 4.5383
 4.5444
 4.5502
 4.5586
 4.5614
 4.5708
 4.5778
 4.5904
 4.5991
 4.6056
 4.6120
 4.6223
 4.6401
 4.8958
 4.9111
 4.9174
 5.3333
 5.3407
 5.3602
 5.3718
 5.3813
 5.3989
 5.4100
 5.4183
 5.4302
 5.4343
 5.4546
 5.4786
 5.7678
 5.7886
 5.8052
 5.8439
 5.8490
 5.8669
 5.8760
 5.8809
 5.8842
 5.8869
 5.9071
 5.9125
 5.9244
 5.9361
 5.9365
 5.9507
 5.9560
 5.9616
 5.9700
 5.9741
 5.9799
 5.9855
 5.9998
 6.0048
 6.0134
 6.0213
 6.0294
 6.0428
 6.0483
 6.0530
 6.0629
 6.0792
 6.0879
 6.1054
 6.1236
 6.1448
 6.1651
 6.1891
 6.1952
 6.3589
 6.3729
 6.3752
 6.3979
 6.4088
 6.4218
 6.4294
 6.4585
 6.4708
 6.4761
 6.4897
 6.5123
 6.6223
 6.6378
 6.6441
 6.6686
 6.6770
 6.6989
 6.7042
 6.7116
 6.7330
 6.7394
 6.7446
 6.7507
 6.8145
 6.8538
 6.8623
 6.8723
 6.8921
 6.9077
 6.9190
 6.9245
 6.9278
 6.9416
 6.9504
 6.9593
 6.9685
 6.9857
 6.9930
 6.9995
 7.0070
 7.0203
 7.0239
 7.0319
 7.0388
 7.0446
 7.0522
 7.0626
 7.0673
 7.0763
 7.0907
 7.0984
 7.1043
 7.1177
 7.1369
 7.1425
 7.1466
 7.1644
 7.1823
 7.2031
 7.2638
 7.2777
 7.2921
 7.3006
 7.3048
 7.3166
 7.3341
 7.3460
 7.3522
 7.3618
 7.3745
 7.3959
 7.4039
 7.4213
 7.4355
 7.4446
 7.4501
 7.4754
 7.4851
 7.4909
 7.4981
 7.5075
 7.5125
 7.5211
 7.5355
 7.5435
 7.5510
 7.5695
 7.5821
 7.5903
 7.5948
 7.6051
 7.6061
 7.6469
 7.6575
 7.6626
 7.8711
 7.9213
 7.9493
 7.9817
 7.9933
 8.0184
 8.4850
 8.5146
 8.5286
 8.5337
 8.5461
 8.5552
 8.5595
 8.5721
 8.5831
 8.5886
 8.5907
 8.6031
 8.6057
 8.6131
 8.6244
 8.6293
 8.6348
 8.6410
 8.6588
 8.6668
 8.6867
 8.6905
 8.6979
 8.7074
 8.7441
 8.7548
 8.7764
 8.7790
 8.7894
 8.7899
 8.8055
 8.8095
 8.8223
 8.8267
 8.8336
 8.8479
 8.8566
 8.8633
 8.8716
 8.8766
 8.8837
 8.8947
 8.9004
 8.9135
 8.9157
 8.9232
 8.9344
 8.9382
 8.9411
 8.9587
 8.9702
 8.9816
 8.9905
 8.9982
