-3.2597
-3.0734
-2.7415
-2.7260
-2.6903
-2.6478
-2.5414
-2.5361
-2.5034
-2.4604
-2.3237
-2.1925
-2.1486
-2.1141
-2.0902
-1.9998
-1.9605
-1.9297
-1.9090
-1.8098
-1.7876
-1.7681
-1.7212
-1.7036
-1.3106
-1.2555
-1.2415
-1.2172
-1.1929
-1.1814
-1.1674
-1.1244
-1.0587
-1.0380
-1.0048
-0.9726
-0.8758
-0.8546
-0.8165
-0.7881
-0.7048
-0.6704
-0.6387
-0.6181
-0.5815
-0.5063
-0.4784
-0.4666
-0.4575
-0.4457
-0.4271
-0.3827
-0.3568
-0.3124
-0.2997
-0.2783
-0.2657
-0.2471
-0.2415
-0.2101
-0.1744
-0.1098
-0.1012
-0.0473
-0.0332
 0.2264
 0.2505
 0.2747
 0.3175
 0.3560
 0.3901
 0.4079
 0.4255
 0.4449
 0.4559
 0.4672
 0.4863
 0.5014
 0.5181
 0.5562
 0.5692
 0.6502
 0.7734
 0.8136
 0.8427
 0.8588
 0.9090
 0.9822
 0.9914
 1.0102
 1.0257
 1.0284
 1.0579
 1.1032
 1.1230
 1.1614
 1.1751
 1.1873
 1.2100
 1.2270
 1.2432
 1.2717
 1.3434
 1.3743
 1.3991
 1.4430
 1.6538
 1.6785
 1.6950
 1.7091
 1.7359
 1.7548
 1.7793
 1.7973
 1.8530
 1.8731
 1.8797
 1.9092
 1.9295
 1.9455
 1.9503
 1.9953
 2.0624
 2.0995
 2.1166
 2.1440
 2.2062
 2.2278
 2.2342
 2.2451
 2.2735
 2.2940
 2.3112
 2.3283
 2.3558
 2.3859
 2.4036
 2.4205
 2.4321
 2.4379
 2.4489
 2.4623
 2.4793
 2.4992
 2.5036
 2.5111
 2.5269
 2.5377
 2.5588
 2.5823
 2.5936
 2.6200
 2.6435
 2.6536
 2.6685
 2.6731
 2.6959
 2.7383
 2.8057
 2.8144
 2.8308
 2.8566
 2.9014
 3.1049
 3.1148
 3.1220
 3.1403
 3.1517
 3.1606
 3.1793
 3.1959
 3.2086
 3.2243
 3.2300
 3.2546
 3.2905
 3.3249
 3.3349
 3.3422
 3.3606
 3.3644
 3.3771
 3.3906
 3.4004
 3.4133
 3.4316
 3.4713
 3.6562
 3.6739
 3.6855
 3.7012
 3.7254
 3.7410
 3.7584
 3.7726
 3.8089
 3.8251
 3.8490
 3.8662
 3.8739
 3.8831
 3.8943
 3.9138
 3.9226
 3.9455
 3.9502
 3.9710
 4.0229
 4.0354
 4.0465
 4.0609
 4.0682
 4.0803
 4.0926
 4.1035
 4.1221
 4.1281
 4.1434
 4.1796
 4.2002
 4.5049
 4.5193
 4.5437
 4.5562
 4.5874
 4.5962
 4.6170
 4.6474
 4.7232
 4.7608
 4.7743
 4.7887
 4.7979
 4.8142
 4.8263
 4.8492
 4.8855
 4.9021
 4.9228
 4.9263
 4.9392
 4.9613
 4.9839
 4.9954
 5.0085
 5.0137
 5.0390
 5.0479
 5.0770
 5.0919
 5.1024
 5.1088
 5.1362
 5.1517
 5.1591
 5.1682
 5.1839
 5.1979
 5.2252
 5.2414
 5.2788
 5.3022
 5.3116
 5.3285
 5.3411
 5.3521
 5.3838
 5.3911
 5.4118
 5.4271
 5.4363
 5.4571
 5.4635
 5.4832
 5.4921
 5.4983
 5.5150
 5.5225
 5.5324
 5.5424
 5.5550
 5.5628
 5.5849
 5.6182
 5.6322
 5.6519
 5.6726
 5.7078
 5.8185
 5.8301
 5.9533
 5.9880
 6.0024
 6.0195
 6.0292
 6.0493
 6.0638
 6.0841
 6.1041
 6.1343
 6.1507
 6.1711
 6.2133
 6.2340
 6.2779
 6.2919
 6.3061
 6.3248
 6.3611
 6.3894
 6.3982
 6.4250
 6.4952
 6.5243
 6.5371
 6.5484
 6.5649
 6.6139
 6.6257
 6.6376
 6.6559
 6.6622
 6.6706
 6.6794
 6.6893
 6.7058
 6.7140
 6.7220
 6.7315
 6.7398
 6.7453
 6.7527
 6.7615
 6.7727
 6.7818
 6.7889
 6.8049
 6.8125
 6.8226
 6.8312
 6.8431
 6.8663
 6.8719
 6.8897
 6.9002
 6.9242
 6.9442
 6.9658
 7.0069
 7.0165
 7.0335
 7.0557
 7.0753
 7.0855
 7.1047
 7.1175
 7.1277
 7.1560
 7.1845
 7.2081
 7.2108
 7.2448
 7.2498
 7.4186
 7.4284
 7.4499
 7.4607
 7.5482
 7.5538
 7.5693
 7.5895
 7.5996
 7.6076
 7.6192
 7.6235
 7.6278
 7.6389
 7.6541
 7.6575
 7.6737
 7.6781
 7.6880
 7.7005
 7.7051
 7.7117
 7.7285
 7.7417
 7.7547
 7.7656
 7.7859
 7.7995
 7.8561
 7.8950
 7.9053
 7.9234
 7.9611
 7.9807
 7.9892
 8.0208
 8.0467
 8.0695
 8.0918
 8.0991
 8.1214
 8.1313
 8.1463
 8.1600
 8.1776
 8.1902
 8.1995
 8.2073
 8.2122
 8.2254
 8.2396
 8.2434
 8.2588
 8.2723
 8.2862
 8.2931
 8.2995
 8.3132
 8.3309
 8.3399
 8.3516
 8.3667
 8.3728
 8.3974
 8.4078
 8.4383
 8.4510
 8.4886
 8.5464
 8.5671
 8.5900
 8.5974
 8.6125
 8.6356
 8.6945
 8.7458
 8.7779
 8.7976
 8.8391
 9.0335
 9.0492
 9.0814
 9.0970
 9.1192
 9.1421
 9.1650
 9.1690
 9.2001
 9.2157
 9.2301
 9.2340
 9.2548
 9.2631
 9.2762
 9.2821
 9.2991
 9.3106
 9.3212
