-3.1405
-2.9706
-2.9545
-2.9227
-2.7828
-2.7552
-2.7303
-2.5655
-2.2327
-2.2152
-2.1810
-2.0642
-2.0512
-2.0344
-2.0094
-1.9923
-1.9521
-1.8649
-1.8089
-1.7861
-1.6836
-1.6407
-1.6137
-1.5060
-1.4831
-1.4654
-1.4412
-1.4287
-1.4017
-1.3001
-1.2876
-1.2704
-1.2646
-1.2293
-1.1883
-1.1142
-1.0616
-1.0333
-0.7752
-0.7562
-0.7205
-0.7052
-0.6857
-0.6602
-0.5719
-0.5432
-0.5305
-0.5119
-0.4765
-0.4640
-0.3387
-0.2346
-0.1878
-0.1751
-0.1502
-0.1352
-0.1125
-0.0399
-0.0189
-0.0111
 0.0126
 0.0200
 0.0542
 0.0669
 0.0963
 0.1077
 0.1788
 0.1959
 0.2290
 0.2442
 0.2676
 0.2801
 0.6619
 0.6863
 0.6962
 0.7078
 0.7199
 0.7357
 0.7446
 0.7610
 0.7784
 0.7991
 0.8181
 0.8283
 0.8677
 0.8962
 0.9091
 0.9253
 0.9397
 0.9547
 0.9690
 0.9831
 0.9944
 1.0056
 1.0134
 1.0537
 1.1156
 1.1564
 1.1671
 1.2535
 1.2810
 1.2947
 1.3246
 1.3446
 1.3602
 1.3716
 1.4454
 1.4789
 1.4940
 1.5098
 1.5304
 1.5557
 1.6212
 1.6408
 1.6599
 1.6725
 1.6827
 1.6960
 1.7186
 1.7378
 1.7521
 1.8241
 1.8440
 1.8600
 1.8990
 1.9119
 1.9379
 2.1321
 2.1561
 2.1796
 2.1954
 2.2044
 2.2187
 2.2300
 2.2487
 2.2601
 2.2754
 2.2952
 2.3020
 2.3874
 2.3942
 2.4043
 2.4367
 2.4437
 2.4838
 2.5787
 2.5902
 2.5999
 2.7137
 2.7377
 2.7552
 2.7704
 2.7895
 2.8093
 2.8750
 2.8942
 2.9318
 2.9450
 2.9541
 2.9886
 3.0512
 3.0668
 3.0848
 3.0949
 3.1018
 3.1087
 3.1258
 3.1420
 3.1537
 3.1667
 3.1881
 3.2002
 3.2874
 3.3066
 3.3178
 3.5289
 3.5502
 3.5678
 3.5992
 3.6197
 3.6353
 3.6576
 3.6684
 3.6826
 3.7211
 3.7419
 3.7638
 3.7726
 3.7885
 3.7960
 3.8117
 3.8243
 3.8378
 3.8547
 3.8688
 3.8746
 3.8817
 3.8919
 3.9154
 3.9596
 3.9827
 4.0016
 4.0273
 4.0433
 4.0706
 4.1161
 4.1217
 4.1354
 4.2064
 4.2179
 4.2263
 4.2420
 4.2590
 4.2707
 4.2934
 4.3172
 4.3258
 4.3441
 4.3482
 4.3631
 4.3753
 4.3872
 4.3993
 4.4442
 4.4614
 4.4794
 4.4974
 4.5013
 4.5119
 4.5232
 4.5328
 4.5405
 4.5511
 4.5697
 4.5775
 4.5908
 4.6003
 4.6075
 4.6290
 4.6375
 4.6437
 4.6502
 4.6695
 4.6767
 4.8294
 4.8789
 4.8852
 4.9731
 4.9804
 4.9934
 5.0081
 5.0125
 5.0212
 5.0659
 5.0840
 5.0971
 5.1062
 5.1208
 5.1394
 5.1571
 5.1758
 5.1872
 5.2085
 5.2376
 5.2430
 5.2533
 5.2764
 5.2982
 5.3044
 5.3103
 5.3253
 5.4270
 5.4483
 5.4604
 5.4951
 5.5071
 5.5168
 5.5618
 5.5710
 5.5942
 5.5998
 5.6162
 5.6255
 5.6421
 5.6643
 5.6783
 5.7016
 5.7781
 5.7947
 5.7984
 5.8119
 5.8284
 5.8599
 5.8785
 5.8830
 5.8938
 5.9270
 5.9318
 5.9440
 5.9529
 5.9681
 5.9855
 6.0043
 6.0144
 6.0250
 6.0328
 6.0524
 6.0592
 6.3789
 6.4123
 6.4179
 6.4397
 6.4488
 6.4710
 6.5047
 6.5141
 6.5304
 6.5949
 6.6025
 6.6176
 6.6243
 6.6365
 6.6433
 6.6637
 6.6750
 6.6875
 6.7104
 6.7230
 6.7447
 6.7928
 6.8098
 6.8149
 6.8493
 6.8581
 6.8714
 6.8984
 6.9243
 6.9371
 6.9530
 6.9576
 6.9728
 6.9855
 7.0021
 7.0301
 7.0851
 7.1033
 7.1226
 7.1348
 7.1480
 7.1605
 7.1818
 7.1946
 7.2021
 7.2175
 7.2302
 7.2385
 7.2782
 7.2916
 7.3119
 7.3739
 7.3918
 7.4004
 7.4135
 7.4245
 7.4372
 7.4515
 7.4632
 7.4679
 7.5287
 7.5350
 7.5429
 7.5641
 7.5763
 7.5971
 7.6117
 7.6320
 7.6353
 7.6962
 7.7097
 7.7229
 7.7496
 7.7661
 7.7874
 7.8109
 7.8186
 7.8277
 7.8495
 7.8590
 7.8819
 7.9519
 7.9574
 7.9884
 8.0116
 8.0221
 8.0462
 8.0580
 8.0724
 8.0939
 8.0969
 8.1102
 8.1243
 8.1861
 8.1932
 8.2203
 8.2398
 8.2601
 8.2696
 8.2799
 8.3158
 8.3255
 8.3331
 8.3411
 8.3539
 8.3661
 8.3768
 8.3983
 8.4047
 8.4084
 8.4263
 8.4419
 8.5576
 8.5798
 8.5911
 8.6170
 8.6294
 8.6366
 8.6554
 8.6686
 8.6775
 8.6815
 8.6962
 8.7111
 8.7168
 8.7201
 8.7368
 8.7538
 8.7640
 8.7797
 8.7988
 8.8034
 8.8107
 8.8261
 8.8370
 8.8562
 8.8674
 8.8774
 8.9001
 8.9124
 8.9196
 8.9325
 8.9423
 8.9624
 8.9764
 8.9900
 9.0016
 9.0134
 9.0685
 9.0954
 9.1168
 9.1698
 9.1943
