-3.1322
-2.9556
-2.9417
-2.9307
-2.7602
-2.7542
-2.7359
-2.5584
-2.2213
-2.2053
-2.1867
-2.0587
-2.0433
-2.0276
-1.9878
-1.9844
-1.9557
-1.8423
-1.8049
-1.7794
-1.6699
-1.6402
-1.6208
-1.5084
-1.4821
-1.4525
-1.4247
-1.4207
-1.3956
-1.2941
-1.2820
-1.2624
-1.2345
-1.2201
-1.2139
-1.0939
-1.0542
-1.0410
-0.7779
-0.7422
-0.7173
-0.6924
-0.6806
-0.6624
-0.5741
-0.5363
-0.5171
-0.4985
-0.4780
-0.4681
-0.3308
-0.2070
-0.1849
-0.1639
-0.1502
-0.1330
-0.1116
-0.0416
-0.0103
 0.0105
 0.0367
 0.0433
 0.0505
 0.0683
 0.0828
 0.1144
 0.1873
 0.1984
 0.2111
 0.2366
 0.2701
 0.2955
 0.6655
 0.6796
 0.7111
 0.7250
 0.7366
 0.7539
 0.7586
 0.7786
 0.7851
 0.8056
 0.8227
 0.8413
 0.8796
 0.9017
 0.9134
 0.9306
 0.9384
 0.9502
 0.9676
 0.9867
 1.0011
 1.0075
 1.0188
 1.0291
 1.1212
 1.1478
 1.1755
 1.2675
 1.2812
 1.3039
 1.3222
 1.3387
 1.3623
 1.3790
 1.4630
 1.4807
 1.5038
 1.5250
 1.5364
 1.5510
 1.6260
 1.6496
 1.6662
 1.6852
 1.6963
 1.7068
 1.7134
 1.7211
 1.7490
 1.8255
 1.8508
 1.8626
 1.8849
 1.9135
 1.9449
 2.1498
 2.1642
 2.1732
 2.1899
 2.2153
 2.2234
 2.2302
 2.2437
 2.2663
 2.2777
 2.2898
 2.3031
 2.3792
 2.3891
 2.4156
 2.4388
 2.4544
 2.4735
 2.5720
 2.5914
 2.6147
 2.7131
 2.7391
 2.7597
 2.7830
 2.7879
 2.8054
 2.8856
 2.9087
 2.9248
 2.9380
 2.9834
 2.9992
 3.0630
 3.0722
 3.0852
 3.0907
 3.1054
 3.1205
 3.1361
 3.1465
 3.1626
 3.1696
 3.1794
 3.1956
 3.2769
 3.3038
 3.3245
 3.5431
 3.5565
 3.5689
 3.6150
 3.6330
 3.6448
 3.6636
 3.6764
 3.6895
 3.7245
 3.7459
 3.7685
 3.7795
 3.7912
 3.7958
 3.8207
 3.8310
 3.8399
 3.8496
 3.8603
 3.8708
 3.8757
 3.8916
 3.9121
 3.9730
 3.9783
 4.0154
 4.0271
 4.0450
 4.0728
 4.1167
 4.1336
 4.1439
 4.1822
 4.2082
 4.2332
 4.2508
 4.2698
 4.2945
 4.3061
 4.3238
 4.3294
 4.3410
 4.3521
 4.3704
 4.3761
 4.3920
 4.4044
 4.4537
 4.4716
 4.4771
 4.4947
 4.5080
 4.5148
 4.5224
 4.5317
 4.5404
 4.5582
 4.5778
 4.5803
 4.5895
 4.5952
 4.6031
 4.6159
 4.6229
 4.6359
 4.6610
 4.6715
 4.6831
 4.8337
 4.8749
 4.8936
 4.9738
 4.9784
 4.9945
 4.9988
 5.0154
 5.0230
 5.0762
 5.0948
 5.1121
 5.1239
 5.1394
 5.1421
 5.1638
 5.1848
 5.1952
 5.2080
 5.2233
 5.2305
 5.2560
 5.2705
 5.2832
 5.2977
 5.3192
 5.3218
 5.4400
 5.4528
 5.4780
 5.4896
 5.5152
 5.5298
 5.5510
 5.5603
 5.5831
 5.6006
 5.6104
 5.6373
 5.6582
 5.6603
 5.6827
 5.6956
 5.7738
 5.7864
 5.7949
 5.8301
 5.8435
 5.8665
 5.8894
 5.8949
 5.9050
 5.9193
 5.9318
 5.9439
 5.9566
 5.9766
 5.9921
 6.0062
 6.0126
 6.0205
 6.0299
 6.0473
 6.0557
 6.3854
 6.4039
 6.4150
 6.4319
 6.4506
 6.4589
 6.5115
 6.5186
 6.5322
 6.6092
 6.6157
 6.6330
 6.6411
 6.6497
 6.6581
 6.6739
 6.6799
 6.6949
 6.7080
 6.7171
 6.7329
 6.8113
 6.8188
 6.8351
 6.8464
 6.8497
 6.8768
 6.9036
 6.9221
 6.9405
 6.9453
 6.9565
 6.9685
 6.9831
 6.9916
 7.0109
 7.0870
 7.0957
 7.1087
 7.1426
 7.1516
 7.1611
 7.1887
 7.1941
 7.2068
 7.2208
 7.2301
 7.2416
 7.2755
 7.2985
 7.3069
 7.3804
 7.3928
 7.4010
 7.4269
 7.4373
 7.4457
 7.4579
 7.4743
 7.4841
 7.5204
 7.5318
 7.5508
 7.5668
 7.5801
 7.5871
 7.6088
 7.6243
 7.6508
 7.6953
 7.7107
 7.7521
 7.7639
 7.7803
 7.7954
 7.8219
 7.8277
 7.8377
 7.8447
 7.8516
 7.8780
 7.9243
 7.9703
 7.9910
 8.0153
 8.0284
 8.0488
 8.0607
 8.0751
 8.0795
 8.0860
 8.1041
 8.1208
 8.2031
 8.2170
 8.2317
 8.2431
 8.2576
 8.2621
 8.2931
 8.3150
 8.3311
 8.3391
 8.3487
 8.3596
 8.3749
 8.3797
 8.3869
 8.3955
 8.4057
 8.4234
 8.4408
 8.5715
 8.5892
 8.6048
 8.6218
 8.6333
 8.6446
 8.6555
 8.6643
 8.6838
 8.6913
 8.6942
 8.7075
 8.7196
 8.7249
 8.7383
 8.7697
 8.7766
 8.7943
 8.8006
 8.8132
 8.8203
 8.8279
 8.8543
 8.8643
 8.8818
 8.8861
 8.9011
 8.9117
 8.9152
 8.9311
 8.9572
 8.9628
 8.9672
 8.9821
 8.9913
 9.0146
 9.0783
 9.0907
 9.1171
 9.1759
 9.1936
