-3.2523
-3.0668
-2.7305
-2.7149
-2.6687
-2.6580
-2.5484
-2.5287
-2.4817
-2.4667
-2.3062
-2.1616
-2.1500
-2.1341
-2.0883
-1.9740
-1.9671
-1.9445
-1.8976
-1.8047
-1.7681
-1.7458
-1.7083
-1.7002
-1.2918
-1.2605
-1.2299
-1.2073
-1.2033
-1.1868
-1.1520
-1.1336
-1.0600
-1.0174
-0.9886
-0.9846
-0.8694
-0.8339
-0.7997
-0.7876
-0.6810
-0.6697
-0.6468
-0.6055
-0.5275
-0.4920
-0.4808
-0.4725
-0.4556
-0.4392
-0.4200
-0.3877
-0.3465
-0.3264
-0.2985
-0.2751
-0.2662
-0.2367
-0.2341
-0.2207
-0.1813
-0.1074
-0.0829
-0.0414
-0.0328
 0.2400
 0.2496
 0.2879
 0.3062
 0.3830
 0.3914
 0.4160
 0.4357
 0.4490
 0.4685
 0.4724
 0.4962
 0.5182
 0.5250
 0.5406
 0.5722
 0.6562
 0.7932
 0.8139
 0.8297
 0.8711
 0.9363
 0.9848
 0.9884
 0.9974
 1.0186
 1.0329
 1.0537
 1.0947
 1.1379
 1.1548
 1.1748
 1.1880
 1.2125
 1.2388
 1.2556
 1.2833
 1.3593
 1.3790
 1.4023
 1.4314
 1.6553
 1.6968
 1.7039
 1.7266
 1.7408
 1.7523
 1.7745
 1.8062
 1.8475
 1.8830
 1.8927
 1.9195
 1.9405
 1.9475
 1.9711
 1.9984
 2.0645
 2.0897
 2.1340
 2.1426
 2.2162
 2.2274
 2.2547
 2.2626
 2.2807
 2.2934
 2.3049
 2.3161
 2.3739
 2.3905
 2.4100
 2.4163
 2.4340
 2.4422
 2.4563
 2.4619
 2.4699
 2.4929
 2.5021
 2.5106
 2.5256
 2.5373
 2.5478
 2.5790
 2.6060
 2.6169
 2.6400
 2.6631
 2.6760
 2.6964
 2.7091
 2.7324
 2.7883
 2.8254
 2.8455
 2.8711
 2.8819
 3.1070
 3.1177
 3.1339
 3.1448
 3.1594
 3.1729
 3.1801
 3.2007
 3.2097
 3.2245
 3.2342
 3.2585
 3.3054
 3.3301
 3.3443
 3.3510
 3.3651
 3.3697
 3.3768
 3.3936
 3.3979
 3.4083
 3.4221
 3.4553
 3.6644
 3.6663
 3.6927
 3.7069
 3.7302
 3.7372
 3.7430
 3.7597
 3.8176
 3.8413
 3.8513
 3.8609
 3.8716
 3.8887
 3.9027
 3.9137
 3.9329
 3.9428
 3.9552
 3.9710
 4.0008
 4.0277
 4.0408
 4.0562
 4.0839
 4.0958
 4.1022
 4.1170
 4.1245
 4.1358
 4.1445
 4.1732
 4.1931
 4.5088
 4.5225
 4.5544
 4.5675
 4.5872
 4.5954
 4.6145
 4.6520
 4.7366
 4.7554
 4.7865
 4.7982
 4.8109
 4.8222
 4.8264
 4.8460
 4.9008
 4.9225
 4.9370
 4.9444
 4.9561
 4.9680
 4.9742
 4.9956
 5.0094
 5.0262
 5.0459
 5.0561
 5.0707
 5.1008
 5.1163
 5.1274
 5.1310
 5.1513
 5.1550
 5.1742
 5.1811
 5.1891
 5.1992
 5.2138
 5.2912
 5.3145
 5.3294
 5.3401
 5.3505
 5.3645
 5.3723
 5.3845
 5.4306
 5.4371
 5.4487
 5.4598
 5.4757
 5.4794
 5.4861
 5.4938
 5.5075
 5.5192
 5.5260
 5.5372
 5.5500
 5.5700
 5.5814
 5.6023
 5.6340
 5.6482
 5.6676
 5.6978
 5.8188
 5.8414
 5.9790
 5.9983
 6.0119
 6.0247
 6.0332
 6.0501
 6.0705
 6.0877
 6.1017
 6.1245
 6.1455
 6.1711
 6.2221
 6.2366
 6.2673
 6.3001
 6.3270
 6.3361
 6.3521
 6.3688
 6.4107
 6.4226
 6.5163
 6.5320
 6.5435
 6.5621
 6.5708
 6.6165
 6.6280
 6.6389
 6.6483
 6.6593
 6.6739
 6.6889
 6.6950
 6.7038
 6.7098
 6.7222
 6.7317
 6.7405
 6.7486
 6.7581
 6.7616
 6.7713
 6.7878
 6.7980
 6.7989
 6.8117
 6.8185
 6.8380
 6.8477
 6.8625
 6.8858
 6.8890
 6.8993
 6.9127
 6.9285
 6.9584
 7.0025
 7.0256
 7.0582
 7.0623
 7.0762
 7.0822
 7.0997
 7.1154
 7.1354
 7.1473
 7.1788
 7.1892
 7.2151
 7.2476
 7.2567
 7.4314
 7.4417
 7.4514
 7.4686
 7.5493
 7.5579
 7.5819
 7.5882
 7.6051
 7.6157
 7.6285
 7.6366
 7.6477
 7.6550
 7.6593
 7.6662
 7.6751
 7.6815
 7.6988
 7.7010
 7.7067
 7.7207
 7.7323
 7.7376
 7.7505
 7.7645
 7.7882
 7.7912
 7.8467
 7.8829
 7.9131
 7.9366
 7.9719
 7.9814
 7.9853
 8.0071
 8.0667
 8.0853
 8.0990
 8.1096
 8.1238
 8.1415
 8.1559
 8.1715
 8.1862
 8.1968
 8.2012
 8.2098
 8.2254
 8.2292
 8.2404
 8.2511
 8.2671
 8.2720
 8.2838
 8.2916
 8.2971
 8.3073
 8.3126
 8.3319
 8.3379
 8.3666
 8.3768
 8.3866
 8.3935
 8.4344
 8.4506
 8.4709
 8.5590
 8.5754
 8.5833
 8.5993
 8.6184
 8.6508
 8.6915
 8.7566
 8.7786
 8.7910
 8.8471
 9.0411
 9.0538
 9.0689
 9.1041
 9.1318
 9.1456
 9.1782
 9.1943
 9.2150
 9.2238
 9.2368
 9.2514
 9.2579
 9.2728
 9.2803
 9.2879
 9.3027
 9.3076
 9.3130
