-3.1908
-3.0204
-2.9877
-2.8212
-2.6426
-2.6162
-2.4827
-2.4481
-2.4288
-2.4109
-2.2885
-2.2690
-2.2438
-2.2130
-2.0807
-2.0544
-1.7508
-1.7371
-1.7036
-1.6848
-1.6681
-1.6559
-1.5505
-1.5281
-1.5117
-1.5043
-1.4943
-1.4550
-1.3203
-1.1639
-1.1564
-1.1342
-1.1074
-1.0020
-0.9765
-0.9591
-0.9484
-0.9219
-0.9130
-0.8088
-0.7926
-0.7801
-0.7590
-0.7520
-0.7352
-0.7140
-0.6994
-0.5813
-0.5614
-0.2685
-0.2517
-0.2353
-0.2228
-0.1850
-0.1784
-0.1684
-0.0707
-0.0657
-0.0405
-0.0133
 0.0042
 0.0196
 0.1109
 0.1503
 0.1689
 0.1816
 0.2961
 0.3128
 0.3277
 0.3533
 0.3620
 0.3926
 0.4709
 0.4845
 0.5090
 0.5287
 0.5388
 0.5556
 0.5683
 0.5773
 0.6575
 0.6659
 0.6954
 0.7132
 0.7276
 0.7481
 0.7591
 0.7836
 0.8707
 0.8916
 0.9173
 0.9443
 1.1825
 1.2000
 1.2171
 1.2252
 1.2545
 1.2618
 1.2733
 1.2901
 1.2977
 1.3293
 1.4030
 1.4089
 1.4224
 1.4408
 1.4693
 1.4777
 1.4864
 1.4999
 1.6026
 1.6399
 1.7664
 1.7693
 1.7953
 1.8004
 1.8194
 1.8426
 1.9288
 1.9400
 1.9469
 1.9726
 1.9850
 1.9940
 2.0055
 2.0252
 2.0366
 2.0428
 2.1152
 2.1257
 2.1431
 2.1524
 2.1613
 2.1727
 2.1809
 2.1949
 2.2009
 2.2230
 2.2414
 2.2484
 2.6396
 2.6556
 2.6715
 2.6819
 2.6963
 2.7066
 2.7148
 2.7369
 2.7540
 2.7979
 2.8274
 2.8418
 2.8454
 2.8576
 2.8683
 2.8716
 2.8895
 2.8945
 2.9085
 2.9301
 2.9339
 2.9496
 2.9544
 3.0277
 3.0475
 3.0695
 3.0906
 3.1055
 3.1190
 3.1969
 3.2239
 3.2390
 3.2643
 3.2749
 3.2855
 3.3414
 3.3472
 3.3626
 3.3890
 3.4066
 3.4195
 3.4304
 3.4407
 3.4502
 3.4739
 3.5353
 3.5420
 3.5667
 3.5774
 3.5943
 3.6071
 3.6235
 3.6296
 3.6396
 3.6659
 3.7033
 3.7139
 3.7693
 3.8017
 3.9047
 3.9162
 3.9939
 4.0143
 4.0423
 4.0582
 4.0781
 4.0876
 4.1958
 4.2246
 4.2296
 4.2414
 4.2586
 4.2699
 4.2855
 4.2957
 4.3004
 4.3153
 4.3226
 4.3353
 4.3415
 4.3607
 4.3779
 4.3836
 4.4990
 4.5715
 4.5858
 4.5965
 4.6265
 4.6385
 4.6569
 4.6630
 4.6766
 4.6901
 4.7030
 4.7204
 4.7246
 4.7382
 4.7528
 4.7654
 4.7854
 4.8075
 4.8364
 4.8653
 4.8799
 4.9128
 4.9258
 4.9526
 4.9650
 4.9851
 4.9904
 5.0032
 5.0188
 5.0257
 5.0494
 5.0545
 5.0710
 5.0834
 5.0973
 5.1078
 5.1662
 5.2080
 5.3003
 5.3215
 5.3460
 5.3748
 5.3961
 5.4052
 5.4368
 5.4739
 5.4875
 5.5407
 5.5710
 5.5806
 5.5935
 5.6264
 5.6404
 5.6510
 5.6723
 5.6943
 5.7093
 5.7221
 5.7335
 5.7559
 5.7608
 5.7725
 5.7833
 5.7970
 5.8087
 5.8503
 5.8720
 5.8814
 5.9262
 5.9393
 5.9540
 5.9915
 6.0011
 6.0208
 6.0274
 6.0458
 6.0510
 6.0810
 6.0921
 6.1128
 6.1266
 6.1366
 6.1683
 6.2230
 6.2588
 6.2597
 6.2770
 6.2888
 6.3123
 6.3168
 6.3434
 6.3545
 6.3639
 6.3906
 6.3982
 6.4076
 6.4252
 6.4390
 6.4491
 6.4629
 6.4687
 6.4759
 6.4877
 6.4963
 6.5135
 6.5231
 6.5556
 6.5740
 6.5829
 6.6003
 6.6555
 6.6723
 6.6959
 6.7628
 6.8363
 6.8652
 6.9605
 6.9817
 6.9996
 7.0121
 7.0494
 7.0560
 7.0767
 7.0937
 7.1049
 7.1224
 7.1366
 7.1398
 7.1564
 7.1713
 7.2008
 7.2217
 7.2447
 7.2877
 7.3513
 7.3703
 7.4074
 7.4287
 7.4384
 7.4572
 7.4639
 7.4802
 7.4908
 7.5142
 7.5220
 7.5372
 7.5689
 7.5749
 7.5868
 7.6070
 7.6244
 7.6339
 7.6818
 7.6956
 7.7065
 7.7276
 7.7497
 7.7576
 7.7655
 7.7739
 7.7920
 7.8033
 7.8221
 7.8348
 7.8411
 7.8563
 7.8626
 7.8742
 7.8917
 7.8946
 7.9195
 7.9353
 7.9590
 7.9822
 8.0037
 8.0245
 8.0419
 8.0648
 8.0804
 8.0973
 8.1209
 8.1523
 8.2565
 8.2914
 8.3089
 8.3241
 8.3658
 8.3834
 8.3945
 8.4138
 8.4404
 8.4666
 8.4990
 8.5195
 8.5390
 8.5504
 8.5780
 8.6007
 8.6112
 8.6270
 8.6415
 8.6513
 8.6581
 8.6749
 8.6840
 8.6943
 8.7028
 8.7154
 8.7268
 8.7441
 8.7500
 8.7643
 8.7859
 8.7878
 8.8264
 8.8403
 8.8497
 8.8578
 8.8674
 8.8861
 8.8961
 8.9139
 8.9314
 8.9553
 8.9737
 8.9866
 8.9934
 9.0142
 9.0278
 9.0396
 9.0649
 9.0757
 9.0805
 9.0893
 9.1049
 9.1315
 9.1535
 9.1751
