-3.2524
-3.0663
-2.7299
-2.6987
-2.6880
-2.6649
-2.5405
-2.5055
-2.4982
-2.4697
-2.3173
-2.1717
-2.1411
-2.1190
-2.1054
-1.9797
-1.9473
-1.9127
-1.9077
-1.7901
-1.7711
-1.7541
-1.7299
-1.7158
-1.2697
-1.2524
-1.2422
-1.2271
-1.2078
-1.1777
-1.1515
-1.1239
-1.0521
-1.0213
-1.0032
-0.9770
-0.8557
-0.8360
-0.8242
-0.7964
-0.6828
-0.6650
-0.6347
-0.6247
-0.5052
-0.4944
-0.4776
-0.4675
-0.4506
-0.4310
-0.4178
-0.4063
-0.3413
-0.3151
-0.2835
-0.2761
-0.2572
-0.2485
-0.2332
-0.2238
-0.1765
-0.1053
-0.0832
-0.0585
-0.0377
 0.2398
 0.2614
 0.2785
 0.2927
 0.3754
 0.4107
 0.4181
 0.4314
 0.4480
 0.4690
 0.4748
 0.4885
 0.5018
 0.5208
 0.5367
 0.5543
 0.6627
 0.7869
 0.8256
 0.8490
 0.8641
 0.9466
 0.9812
 0.9978
 1.0091
 1.0168
 1.0351
 1.0538
 1.0681
 1.1390
 1.1553
 1.1761
 1.1964
 1.2088
 1.2365
 1.2628
 1.2815
 1.3657
 1.3846
 1.4026
 1.4287
 1.6472
 1.6812
 1.7165
 1.7340
 1.7543
 1.7649
 1.7932
 1.8051
 1.8663
 1.8903
 1.8989
 1.9117
 1.9172
 1.9413
 1.9641
 1.9814
 2.0783
 2.1006
 2.1164
 2.1348
 2.1979
 2.2307
 2.2509
 2.2574
 2.2697
 2.2851
 2.3093
 2.3311
 2.3719
 2.3978
 2.4157
 2.4247
 2.4305
 2.4376
 2.4565
 2.4618
 2.4780
 2.4887
 2.4935
 2.5079
 2.5284
 2.5451
 2.5479
 2.5651
 2.5981
 2.6198
 2.6366
 2.6460
 2.6728
 2.6956
 2.7057
 2.7401
 2.8138
 2.8212
 2.8379
 2.8628
 2.8787
 3.1152
 3.1258
 3.1358
 3.1529
 3.1609
 3.1752
 3.1812
 3.1988
 3.2034
 3.2227
 3.2408
 3.2527
 3.3187
 3.3309
 3.3408
 3.3545
 3.3610
 3.3687
 3.3813
 3.3853
 3.3944
 3.4144
 3.4196
 3.4349
 3.6590
 3.6758
 3.6918
 3.7128
 3.7203
 3.7375
 3.7577
 3.7755
 3.8196
 3.8438
 3.8553
 3.8698
 3.8999
 3.9040
 3.9073
 3.9177
 3.9267
 3.9397
 3.9497
 3.9706
 4.0135
 4.0420
 4.0626
 4.0670
 4.0727
 4.0840
 4.0922
 4.0985
 4.1136
 4.1213
 4.1292
 4.1478
 4.1761
 4.5157
 4.5441
 4.5481
 4.5683
 4.5782
 4.5859
 4.6146
 4.6456
 4.7611
 4.7694
 4.7910
 4.7988
 4.8012
 4.8150
 4.8215
 4.8338
 4.9012
 4.9316
 4.9414
 4.9501
 4.9624
 4.9703
 4.9813
 4.9997
 5.0091
 5.0161
 5.0436
 5.0455
 5.0764
 5.0903
 5.1024
 5.1193
 5.1309
 5.1367
 5.1535
 5.1660
 5.1724
 5.1980
 5.2042
 5.2349
 5.3068
 5.3135
 5.3223
 5.3403
 5.3535
 5.3613
 5.3697
 5.3867
 5.4270
 5.4368
 5.4512
 5.4639
 5.4793
 5.4845
 5.4913
 5.5024
 5.5121
 5.5204
 5.5246
 5.5383
 5.5476
 5.5599
 5.5737
 5.5786
 5.6311
 5.6538
 5.6668
 5.7004
 5.8129
 5.8430
 5.9820
 5.9981
 6.0117
 6.0317
 6.0424
 6.0657
 6.0730
 6.0926
 6.1025
 6.1239
 6.1372
 6.1633
 6.2190
 6.2415
 6.2783
 6.2954
 6.3116
 6.3316
 6.3485
 6.3702
 6.4124
 6.4287
 6.5122
 6.5236
 6.5462
 6.5587
 6.5951
 6.6201
 6.6306
 6.6454
 6.6556
 6.6673
 6.6797
 6.6888
 6.6932
 6.7139
 6.7174
 6.7199
 6.7366
 6.7449
 6.7517
 6.7569
 6.7632
 6.7666
 6.7780
 6.7847
 6.7916
 6.7966
 6.8133
 6.8278
 6.8457
 6.8536
 6.8748
 6.8969
 6.9016
 6.9198
 6.9344
 6.9488
 7.0021
 7.0348
 7.0372
 7.0565
 7.0746
 7.0877
 7.0993
 7.1195
 7.1374
 7.1427
 7.1830
 7.2061
 7.2223
 7.2324
 7.2551
 7.4290
 7.4375
 7.4565
 7.4738
 7.5398
 7.5612
 7.5899
 7.5980
 7.6137
 7.6213
 7.6260
 7.6311
 7.6395
 7.6487
 7.6571
 7.6656
 7.6726
 7.6845
 7.6944
 7.6983
 7.7121
 7.7199
 7.7313
 7.7435
 7.7500
 7.7640
 7.7718
 7.7876
 7.8800
 7.8913
 7.9102
 7.9337
 7.9728
 7.9774
 7.9910
 8.0042
 8.0514
 8.0719
 8.0909
 8.1063
 8.1204
 8.1407
 8.1563
 8.1664
 8.1822
 8.1962
 8.2027
 8.2149
 8.2275
 8.2362
 8.2447
 8.2556
 8.2579
 8.2729
 8.2857
 8.2887
 8.2966
 8.3115
 8.3216
 8.3304
 8.3459
 8.3539
 8.3775
 8.3895
 8.4118
 8.4280
 8.4510
 8.4638
 8.5659
 8.5793
 8.5935
 8.6072
 8.6157
 8.6416
 8.6729
 8.7669
 8.7826
 8.8057
 8.8410
 9.0558
 9.0633
 9.0781
 9.0991
 9.1236
 9.1386
 9.1534
 9.1719
 9.2044
 9.2269
 9.2408
 9.2496
 9.2607
 9.2691
 9.2779
 9.2910
 9.3019
 9.3096
 9.3254
