-3.1930
-3.0089
-2.9966
-2.8129
-2.6489
-2.6217
-2.4750
-2.4547
-2.4364
-2.4150
-2.2880
-2.2731
-2.2352
-2.2103
-2.0710
-2.0459
-1.7616
-1.7457
-1.7079
-1.6919
-1.6789
-1.6404
-1.5602
-1.5249
-1.5148
-1.4914
-1.4695
-1.4435
-1.3181
-1.1801
-1.1554
-1.1427
-1.1174
-1.0066
-0.9843
-0.9582
-0.9486
-0.9295
-0.8859
-0.8288
-0.8020
-0.7911
-0.7605
-0.7424
-0.7279
-0.7064
-0.6825
-0.5957
-0.5491
-0.2926
-0.2482
-0.2253
-0.2176
-0.2029
-0.1902
-0.1639
-0.0765
-0.0484
-0.0281
-0.0199
 0.0092
 0.0238
 0.1091
 0.1417
 0.1758
 0.2051
 0.2982
 0.3183
 0.3438
 0.3534
 0.3608
 0.3785
 0.4685
 0.4776
 0.4997
 0.5208
 0.5263
 0.5553
 0.5730
 0.5960
 0.6751
 0.6850
 0.6950
 0.7127
 0.7296
 0.7462
 0.7594
 0.7813
 0.8601
 0.8833
 0.9079
 0.9512
 1.1704
 1.1928
 1.2219
 1.2357
 1.2472
 1.2638
 1.2753
 1.2874
 1.2976
 1.3111
 1.3787
 1.4054
 1.4232
 1.4377
 1.4502
 1.4780
 1.4927
 1.5244
 1.6163
 1.6364
 1.7684
 1.7807
 1.7926
 1.8012
 1.8123
 1.8340
 1.8981
 1.9200
 1.9604
 1.9657
 1.9788
 1.9905
 2.0065
 2.0364
 2.0492
 2.0569
 2.0981
 2.1196
 2.1388
 2.1496
 2.1625
 2.1831
 2.1896
 2.2031
 2.2212
 2.2368
 2.2460
 2.2651
 2.6304
 2.6556
 2.6647
 2.6771
 2.6851
 2.6988
 2.7272
 2.7294
 2.7453
 2.8034
 2.8156
 2.8363
 2.8432
 2.8663
 2.8791
 2.8860
 2.8912
 2.8979
 2.9201
 2.9243
 2.9471
 2.9598
 2.9735
 3.0281
 3.0517
 3.0675
 3.0913
 3.1073
 3.1238
 3.2106
 3.2225
 3.2423
 3.2470
 3.2590
 3.2732
 3.3189
 3.3360
 3.3779
 3.3916
 3.4081
 3.4208
 3.4338
 3.4420
 3.4528
 3.4651
 3.5263
 3.5461
 3.5630
 3.5840
 3.5935
 3.6022
 3.6164
 3.6309
 3.6469
 3.6582
 3.6929
 3.7137
 3.7765
 3.7996
 3.9079
 3.9224
 4.0006
 4.0232
 4.0316
 4.0535
 4.0723
 4.0992
 4.1990
 4.2152
 4.2317
 4.2447
 4.2497
 4.2735
 4.2858
 4.2962
 4.3037
 4.3118
 4.3277
 4.3330
 4.3445
 4.3570
 4.3704
 4.3916
 4.4952
 4.5767
 4.5855
 4.5954
 4.6094
 4.6313
 4.6416
 4.6590
 4.6624
 4.6846
 4.7076
 4.7183
 4.7256
 4.7424
 4.7632
 4.7733
 4.7881
 4.8064
 4.8112
 4.8444
 4.9011
 4.9185
 4.9327
 4.9617
 4.9676
 4.9778
 4.9956
 5.0121
 5.0253
 5.0344
 5.0441
 5.0575
 5.0666
 5.0769
 5.1006
 5.1053
 5.1814
 5.2008
 5.3167
 5.3284
 5.3564
 5.3619
 5.3911
 5.4111
 5.4204
 5.4758
 5.5088
 5.5532
 5.5603
 5.5794
 5.5856
 5.6259
 5.6410
 5.6523
 5.6624
 5.6865
 5.6988
 5.7154
 5.7414
 5.7529
 5.7646
 5.7725
 5.7813
 5.7991
 5.8162
 5.8576
 5.8605
 5.8868
 5.9261
 5.9464
 5.9590
 5.9897
 6.0062
 6.0208
 6.0314
 6.0414
 6.0587
 6.0826
 6.0992
 6.1051
 6.1222
 6.1396
 6.1573
 6.2331
 6.2590
 6.2662
 6.2858
 6.2884
 6.2960
 6.3149
 6.3339
 6.3503
 6.3708
 6.3796
 6.3977
 6.4081
 6.4200
 6.4367
 6.4480
 6.4553
 6.4746
 6.4835
 6.4930
 6.5041
 6.5119
 6.5393
 6.5652
 6.5770
 6.5880
 6.5997
 6.6397
 6.6680
 6.6995
 6.7481
 6.8318
 6.8580
 6.9793
 6.9855
 6.9959
 7.0060
 7.0310
 7.0518
 7.0850
 7.0937
 7.1094
 7.1187
 7.1401
 7.1490
 7.1627
 7.1768
 7.2131
 7.2322
 7.2560
 7.2808
 7.3683
 7.3800
 7.4030
 7.4157
 7.4287
 7.4461
 7.4613
 7.4666
 7.4909
 7.5010
 7.5273
 7.5434
 7.5550
 7.5634
 7.5810
 7.6070
 7.6284
 7.6354
 7.6772
 7.6934
 7.7000
 7.7139
 7.7361
 7.7476
 7.7688
 7.7855
 7.7928
 7.8042
 7.8139
 7.8239
 7.8393
 7.8552
 7.8679
 7.8770
 7.8916
 7.9121
 7.9335
 7.9479
 7.9602
 7.9780
 7.9936
 8.0392
 8.0516
 8.0614
 8.0857
 8.1049
 8.1221
 8.1529
 8.2663
 8.2863
 8.3027
 8.3148
 8.3657
 8.3778
 8.3879
 8.4034
 8.4567
 8.4785
 8.5136
 8.5353
 8.5483
 8.5600
 8.5833
 8.5946
 8.6073
 8.6261
 8.6392
 8.6472
 8.6646
 8.6722
 8.6773
 8.6922
 8.7052
 8.7142
 8.7190
 8.7493
 8.7557
 8.7659
 8.7731
 8.8018
 8.8107
 8.8313
 8.8392
 8.8514
 8.8691
 8.8815
 8.8946
 8.9162
 8.9314
 8.9407
 8.9527
 8.9689
 8.9937
 9.0147
 9.0268
 9.0460
 9.0534
 9.0728
 9.0845
 9.1005
 9.1106
 9.1516
 9.1686
 9.1806
