-3.1934
-3.0104
-2.9943
-2.8072
-2.6583
-2.6271
-2.4707
-2.4523
-2.4406
-2.4150
-2.2744
-2.2653
-2.2372
-2.2161
-2.0862
-2.0388
-1.7538
-1.7304
-1.7072
-1.6880
-1.6760
-1.6711
-1.5527
-1.5255
-1.5075
-1.4920
-1.4771
-1.4624
-1.3212
-1.1856
-1.1520
-1.1312
-1.1131
-0.9981
-0.9804
-0.9639
-0.9508
-0.9240
-0.8985
-0.8096
-0.7947
-0.7816
-0.7630
-0.7509
-0.7398
-0.7193
-0.6895
-0.5777
-0.5532
-0.2603
-0.2510
-0.2443
-0.2172
-0.2048
-0.1856
-0.1729
-0.0688
-0.0404
-0.0300
-0.0197
-0.0121
 0.0206
 0.1309
 0.1530
 0.1756
 0.1975
 0.2770
 0.3140
 0.3257
 0.3431
 0.3560
 0.3844
 0.4728
 0.4916
 0.5033
 0.5245
 0.5352
 0.5499
 0.5569
 0.5855
 0.6655
 0.6961
 0.7076
 0.7181
 0.7308
 0.7355
 0.7491
 0.7667
 0.8777
 0.9052
 0.9338
 0.9431
 1.1905
 1.2067
 1.2232
 1.2306
 1.2362
 1.2543
 1.2688
 1.2808
 1.2999
 1.3123
 1.3959
 1.4103
 1.4274
 1.4364
 1.4482
 1.4683
 1.4862
 1.5050
 1.6146
 1.6384
 1.7454
 1.7780
 1.7847
 1.8050
 1.8182
 1.8383
 1.9344
 1.9448
 1.9580
 1.9678
 1.9756
 1.9830
 2.0019
 2.0063
 2.0258
 2.0493
 2.1160
 2.1352
 2.1401
 2.1528
 2.1643
 2.1729
 2.1934
 2.1959
 2.2251
 2.2300
 2.2500
 2.2555
 2.6336
 2.6505
 2.6717
 2.6903
 2.7006
 2.7044
 2.7161
 2.7321
 2.7458
 2.8185
 2.8303
 2.8473
 2.8634
 2.8710
 2.8774
 2.8824
 2.8867
 2.8948
 2.8999
 2.9195
 2.9348
 2.9449
 2.9554
 3.0397
 3.0577
 3.0693
 3.0812
 3.0980
 3.1168
 3.2005
 3.2181
 3.2339
 3.2566
 3.2678
 3.2740
 3.3249
 3.3442
 3.3725
 3.3902
 3.4062
 3.4164
 3.4333
 3.4395
 3.4520
 3.4659
 3.5324
 3.5440
 3.5601
 3.5868
 3.5984
 3.6128
 3.6199
 3.6282
 3.6413
 3.6641
 3.6960
 3.7083
 3.7769
 3.8019
 3.8980
 3.9177
 3.9966
 4.0224
 4.0361
 4.0412
 4.0715
 4.0906
 4.2015
 4.2311
 4.2431
 4.2505
 4.2599
 4.2694
 4.2800
 4.2952
 4.3040
 4.3186
 4.3305
 4.3344
 4.3468
 4.3542
 4.3660
 4.3792
 4.5037
 4.5531
 4.5817
 4.5982
 4.6103
 4.6344
 4.6423
 4.6561
 4.6812
 4.6942
 4.7021
 4.7287
 4.7330
 4.7406
 4.7555
 4.7705
 4.7927
 4.8010
 4.8263
 4.8680
 4.8866
 4.9319
 4.9389
 4.9483
 4.9652
 4.9737
 4.9879
 5.0029
 5.0138
 5.0253
 5.0421
 5.0538
 5.0706
 5.0787
 5.0903
 5.1116
 5.1809
 5.1978
 5.3208
 5.3255
 5.3461
 5.3706
 5.3972
 5.4091
 5.4113
 5.4807
 5.4978
 5.5581
 5.5669
 5.5811
 5.5980
 5.6369
 5.6404
 5.6570
 5.6635
 5.6817
 5.7024
 5.7210
 5.7284
 5.7557
 5.7655
 5.7716
 5.7852
 5.7968
 5.8069
 5.8536
 5.8940
 5.8976
 5.9148
 5.9311
 5.9540
 5.9850
 6.0007
 6.0266
 6.0325
 6.0421
 6.0610
 6.0756
 6.0936
 6.1046
 6.1148
 6.1470
 6.1599
 6.2441
 6.2512
 6.2561
 6.2748
 6.2823
 6.2859
 6.3051
 6.3306
 6.3580
 6.3697
 6.3775
 6.4006
 6.4081
 6.4193
 6.4340
 6.4470
 6.4571
 6.4623
 6.4805
 6.4998
 6.5048
 6.5145
 6.5477
 6.5707
 6.5749
 6.5952
 6.5998
 6.6588
 6.6706
 6.7017
 6.7612
 6.8291
 6.8672
 6.9628
 6.9872
 6.9930
 7.0147
 7.0510
 7.0657
 7.0717
 7.0834
 7.1073
 7.1221
 7.1378
 7.1500
 7.1593
 7.1835
 7.1902
 7.2166
 7.2470
 7.2832
 7.3478
 7.3734
 7.4064
 7.4156
 7.4312
 7.4432
 7.4546
 7.4747
 7.4959
 7.5110
 7.5317
 7.5431
 7.5628
 7.5772
 7.5805
 7.6028
 7.6110
 7.6425
 7.6691
 7.6984
 7.7119
 7.7230
 7.7347
 7.7466
 7.7676
 7.7785
 7.7934
 7.8141
 7.8244
 7.8402
 7.8446
 7.8574
 7.8689
 7.8786
 7.8893
 7.9065
 7.9257
 7.9489
 7.9673
 7.9862
 8.0053
 8.0481
 8.0552
 8.0610
 8.0703
 8.0856
 8.1020
 8.1521
 8.2652
 8.2756
 8.3025
 8.3257
 8.3744
 8.3810
 8.3923
 8.4005
 8.4465
 8.4803
 8.4915
 8.5173
 8.5381
 8.5490
 8.5963
 8.6026
 8.6138
 8.6293
 8.6352
 8.6513
 8.6558
 8.6745
 8.6768
 8.6920
 8.7071
 8.7151
 8.7306
 8.7403
 8.7474
 8.7609
 8.7655
 8.7926
 8.8200
 8.8364
 8.8428
 8.8589
 8.8673
 8.8920
 8.9035
 8.9130
 8.9261
 8.9504
 8.9771
 8.9882
 8.9948
 9.0050
 9.0252
 9.0535
 9.0569
 9.0708
 9.0791
 9.0923
 9.1124
 9.1324
 9.1530
 9.1859
