-3.1925
-3.0282
-2.9740
-2.8109
-2.6569
-2.6246
-2.4993
-2.4495
-2.4257
-2.3984
-2.2891
-2.2795
-2.2322
-2.1970
-2.0825
-2.0389
-1.7828
-1.7364
-1.7208
-1.6911
-1.6627
-1.6436
-1.5562
-1.5389
-1.5078
-1.4810
-1.4697
-1.4498
-1.3178
-1.1824
-1.1555
-1.1345
-1.1114
-1.0169
-0.9884
-0.9602
-0.9574
-0.9079
-0.8878
-0.8220
-0.8089
-0.7889
-0.7743
-0.7570
-0.7194
-0.7010
-0.6934
-0.5704
-0.5519
-0.2901
-0.2615
-0.2327
-0.2157
-0.1871
-0.1737
-0.1584
-0.0925
-0.0637
-0.0302
-0.0007
 0.0085
 0.0235
 0.1233
 0.1491
 0.1741
 0.2117
 0.2883
 0.3013
 0.3175
 0.3343
 0.3672
 0.3975
 0.4626
 0.4798
 0.5030
 0.5163
 0.5441
 0.5499
 0.5742
 0.5870
 0.6509
 0.6843
 0.6916
 0.7071
 0.7302
 0.7474
 0.7722
 0.7808
 0.8562
 0.8975
 0.9301
 0.9426
 1.1822
 1.1918
 1.2069
 1.2289
 1.2452
 1.2658
 1.2775
 1.2836
 1.2983
 1.3397
 1.3894
 1.4139
 1.4187
 1.4365
 1.4705
 1.4859
 1.4957
 1.5118
 1.6175
 1.6286
 1.7433
 1.7676
 1.7921
 1.7967
 1.8097
 1.8398
 1.9070
 1.9297
 1.9332
 1.9682
 1.9784
 1.9875
 2.0057
 2.0313
 2.0422
 2.0537
 2.1142
 2.1309
 2.1448
 2.1462
 2.1628
 2.1701
 2.1835
 2.2049
 2.2178
 2.2394
 2.2500
 2.2709
 2.6229
 2.6474
 2.6621
 2.6757
 2.7020
 2.7115
 2.7255
 2.7393
 2.7633
 2.8003
 2.8210
 2.8286
 2.8407
 2.8610
 2.8640
 2.8822
 2.8915
 2.9128
 2.9172
 2.9323
 2.9458
 2.9593
 2.9669
 3.0310
 3.0515
 3.0729
 3.0913
 3.1005
 3.1356
 3.1990
 3.2116
 3.2244
 3.2573
 3.2647
 3.2874
 3.3295
 3.3397
 3.3690
 3.3735
 3.3987
 3.4023
 3.4293
 3.4361
 3.4668
 3.4781
 3.5308
 3.5480
 3.5622
 3.5747
 3.5901
 3.6028
 3.6211
 3.6278
 3.6472
 3.6651
 3.6977
 3.7103
 3.7648
 3.8126
 3.9057
 3.9212
 3.9879
 4.0165
 4.0407
 4.0645
 4.0811
 4.0889
 4.2023
 4.2267
 4.2388
 4.2462
 4.2564
 4.2706
 4.2777
 4.2864
 4.3045
 4.3078
 4.3275
 4.3393
 4.3523
 4.3603
 4.3730
 4.3914
 4.5092
 4.5659
 4.5761
 4.5854
 4.6101
 4.6193
 4.6415
 4.6555
 4.6736
 4.6921
 4.7001
 4.7177
 4.7276
 4.7472
 4.7537
 4.7618
 4.7974
 4.8152
 4.8347
 4.8608
 4.8880
 4.9170
 4.9326
 4.9387
 4.9734
 4.9840
 4.9968
 5.0094
 5.0206
 5.0276
 5.0431
 5.0565
 5.0686
 5.0788
 5.0927
 5.1148
 5.1625
 5.2233
 5.3127
 5.3318
 5.3498
 5.3662
 5.3932
 5.4060
 5.4360
 5.4782
 5.4999
 5.5379
 5.5621
 5.5838
 5.6037
 5.6227
 5.6407
 5.6590
 5.6746
 5.6838
 5.7152
 5.7253
 5.7328
 5.7483
 5.7620
 5.7714
 5.7783
 5.7911
 5.8068
 5.8378
 5.8735
 5.8964
 5.9223
 5.9372
 5.9572
 5.9850
 6.0037
 6.0219
 6.0344
 6.0461
 6.0607
 6.0711
 6.0951
 6.1101
 6.1232
 6.1346
 6.1644
 6.2088
 6.2451
 6.2551
 6.2780
 6.2943
 6.3047
 6.3178
 6.3375
 6.3526
 6.3665
 6.3718
 6.3913
 6.4095
 6.4147
 6.4388
 6.4544
 6.4597
 6.4711
 6.4795
 6.4867
 6.5020
 6.5119
 6.5408
 6.5580
 6.5719
 6.6043
 6.6141
 6.6535
 6.6656
 6.6947
 6.7694
 6.8466
 6.8704
 6.9553
 6.9731
 7.0056
 7.0290
 7.0455
 7.0556
 7.0750
 7.0864
 7.1041
 7.1219
 7.1435
 7.1517
 7.1614
 7.1756
 7.2137
 7.2198
 7.2479
 7.2813
 7.3620
 7.3830
 7.3976
 7.4116
 7.4230
 7.4315
 7.4640
 7.4831
 7.4863
 7.5059
 7.5151
 7.5484
 7.5626
 7.5750
 7.5919
 7.6003
 7.6219
 7.6515
 7.6853
 7.7051
 7.7120
 7.7249
 7.7315
 7.7496
 7.7665
 7.7788
 7.7866
 7.8055
 7.8188
 7.8264
 7.8412
 7.8513
 7.8641
 7.8725
 7.8908
 7.9076
 7.9180
 7.9284
 7.9700
 7.9927
 8.0160
 8.0299
 8.0454
 8.0640
 8.0826
 8.0910
 8.1148
 8.1443
 8.2375
 8.2833
 8.3145
 8.3349
 8.3640
 8.3818
 8.3987
 8.4159
 8.4532
 8.4689
 8.4939
 8.5135
 8.5398
 8.5491
 8.5833
 8.6061
 8.6233
 8.6322
 8.6392
 8.6619
 8.6644
 8.6755
 8.6788
 8.6972
 8.7044
 8.7142
 8.7223
 8.7331
 8.7471
 8.7543
 8.7734
 8.7921
 8.8232
 8.8326
 8.8393
 8.8546
 8.8778
 8.8897
 8.9097
 8.9195
 8.9208
 8.9550
 8.9624
 8.9799
 8.9981
 9.0054
 9.0204
 9.0381
 9.0597
 9.0694
 9.0801
 9.1027
 9.1136
 9.1357
 9.1579
 9.1749
