-3.1312
-2.9733
-2.9412
-2.9083
-2.7832
-2.7474
-2.7228
-2.5631
-2.2393
-2.1977
-2.1663
-2.0647
-2.0407
-2.0253
-1.9904
-1.9752
-1.9658
-1.8450
-1.8154
-1.7861
-1.6650
-1.6501
-1.5973
-1.4897
-1.4783
-1.4563
-1.4357
-1.4244
-1.3990
-1.2914
-1.2838
-1.2591
-1.2463
-1.2253
-1.1935
-1.0966
-1.0744
-1.0365
-0.7668
-0.7458
-0.7123
-0.6947
-0.6758
-0.6608
-0.5725
-0.5550
-0.5388
-0.4903
-0.4669
-0.4538
-0.3380
-0.2047
-0.1887
-0.1707
-0.1614
-0.1256
-0.0970
-0.0290
-0.0141
 0.0125
 0.0259
 0.0482
 0.0615
 0.0701
 0.0877
 0.1009
 0.1863
 0.2089
 0.2150
 0.2358
 0.2597
 0.2876
 0.6656
 0.6926
 0.7025
 0.7265
 0.7380
 0.7472
 0.7511
 0.7677
 0.7830
 0.8051
 0.8185
 0.8410
 0.8844
 0.8952
 0.9036
 0.9269
 0.9407
 0.9551
 0.9769
 0.9854
 0.9893
 1.0098
 1.0278
 1.0495
 1.1275
 1.1492
 1.1811
 1.2790
 1.2859
 1.3000
 1.3294
 1.3415
 1.3565
 1.3684
 1.4466
 1.4774
 1.5002
 1.5219
 1.5360
 1.5548
 1.6311
 1.6497
 1.6629
 1.6719
 1.6885
 1.7003
 1.7270
 1.7368
 1.7580
 1.8314
 1.8405
 1.8689
 1.8862
 1.9046
 1.9301
 2.1525
 2.1589
 2.1794
 2.1915
 2.2125
 2.2235
 2.2445
 2.2574
 2.2631
 2.2735
 2.2867
 2.3131
 2.3795
 2.4011
 2.4113
 2.4341
 2.4540
 2.4666
 2.5696
 2.5898
 2.6057
 2.7278
 2.7387
 2.7541
 2.7721
 2.7997
 2.8038
 2.8938
 2.9062
 2.9177
 2.9388
 2.9741
 2.9954
 3.0469
 3.0645
 3.0833
 3.1022
 3.1126
 3.1267
 3.1360
 3.1448
 3.1519
 3.1710
 3.1946
 3.2080
 3.2837
 3.2977
 3.3208
 3.5240
 3.5551
 3.5816
 3.6070
 3.6244
 3.6410
 3.6587
 3.6856
 3.6946
 3.7156
 3.7543
 3.7688
 3.7757
 3.7907
 3.8008
 3.8051
 3.8232
 3.8388
 3.8510
 3.8653
 3.8694
 3.8842
 3.8989
 3.9142
 3.9663
 3.9851
 4.0119
 4.0222
 4.0477
 4.0707
 4.1110
 4.1393
 4.1492
 4.2002
 4.2147
 4.2332
 4.2525
 4.2755
 4.2972
 4.3054
 4.3161
 4.3292
 4.3392
 4.3556
 4.3734
 4.3820
 4.3989
 4.4087
 4.4440
 4.4629
 4.4803
 4.4987
 4.5080
 4.5216
 4.5332
 4.5413
 4.5472
 4.5610
 4.5636
 4.5713
 4.5868
 4.5996
 4.6073
 4.6143
 4.6260
 4.6314
 4.6476
 4.6587
 4.6775
 4.8315
 4.8659
 4.8992
 4.9738
 4.9824
 5.0047
 5.0105
 5.0220
 5.0352
 5.0759
 5.0882
 5.0993
 5.1039
 5.1285
 5.1351
 5.1579
 5.1682
 5.1909
 5.2021
 5.2202
 5.2445
 5.2598
 5.2746
 5.2881
 5.3060
 5.3169
 5.3359
 5.4370
 5.4496
 5.4726
 5.4979
 5.5163
 5.5321
 5.5568
 5.5688
 5.5797
 5.5958
 5.6188
 5.6257
 5.6450
 5.6735
 5.6827
 5.7099
 5.7655
 5.7878
 5.7925
 5.8207
 5.8479
 5.8648
 5.8894
 5.8940
 5.9112
 5.9151
 5.9235
 5.9405
 5.9538
 5.9690
 5.9899
 6.0027
 6.0149
 6.0241
 6.0307
 6.0507
 6.0718
 6.3808
 6.4019
 6.4177
 6.4325
 6.4587
 6.4627
 6.5061
 6.5173
 6.5284
 6.5923
 6.6072
 6.6221
 6.6330
 6.6443
 6.6604
 6.6708
 6.6851
 6.7019
 6.7167
 6.7299
 6.7482
 6.7981
 6.8117
 6.8381
 6.8487
 6.8554
 6.8700
 6.8932
 6.9174
 6.9334
 6.9539
 6.9620
 6.9787
 6.9829
 7.0080
 7.0182
 7.0950
 7.0987
 7.1249
 7.1394
 7.1577
 7.1731
 7.1815
 7.1913
 7.2048
 7.2140
 7.2199
 7.2511
 7.2752
 7.2869
 7.3276
 7.3760
 7.3905
 7.4034
 7.4193
 7.4353
 7.4445
 7.4558
 7.4636
 7.4713
 7.5216
 7.5348
 7.5518
 7.5712
 7.5857
 7.5961
 7.6175
 7.6251
 7.6461
 7.6934
 7.7141
 7.7349
 7.7509
 7.7857
 7.8036
 7.8071
 7.8248
 7.8375
 7.8498
 7.8581
 7.8675
 7.9347
 7.9603
 7.9825
 8.0199
 8.0225
 8.0457
 8.0605
 8.0775
 8.0858
 8.1042
 8.1142
 8.1332
 8.1833
 8.2197
 8.2252
 8.2398
 8.2647
 8.2785
 8.2874
 8.3047
 8.3254
 8.3327
 8.3426
 8.3552
 8.3695
 8.3767
 8.3887
 8.4058
 8.4142
 8.4296
 8.4367
 8.5486
 8.5901
 8.6070
 8.6210
 8.6379
 8.6510
 8.6570
 8.6658
 8.6747
 8.6929
 8.7006
 8.7128
 8.7209
 8.7280
 8.7319
 8.7700
 8.7810
 8.7902
 8.8021
 8.8088
 8.8192
 8.8305
 8.8494
 8.8569
 8.8721
 8.8826
 8.8978
 8.9125
 8.9242
 8.9358
 8.9494
 8.9619
 8.9711
 8.9922
 9.0003
 9.0188
 9.0623
 9.0871
 9.1211
 9.1827
 9.2009
