-3.3141
-2.8062
-2.7823
-2.7673
-2.7408
-2.7160
-2.7148
-2.2872
-2.2603
-2.2424
-2.2221
-2.2153
-2.2024
-2.1881
-2.1624
-2.1534
-2.1422
-2.1223
-2.1064
-1.6798
-1.6742
-1.6521
-1.6313
-1.6214
-1.6041
-1.5807
-1.5675
-1.1533
-1.1196
-1.0952
-1.0751
-1.0379
-1.0305
-0.6738
-0.6472
-0.6365
-0.6221
-0.6099
-0.5874
-0.5774
-0.5689
-0.5535
-0.5492
-0.5440
-0.5240
-0.5125
-0.4982
-0.4903
-0.4877
-0.4668
-0.4595
-0.4518
-0.4397
-0.4195
-0.4179
-0.3906
-0.3760
-0.1020
-0.0751
-0.0709
-0.0468
-0.0440
-0.0400
-0.0058
 0.0065
 0.0157
 0.0203
 0.0327
 0.0598
 0.0647
 0.0753
 0.0758
 0.0829
 0.0926
 0.1015
 0.1223
 0.1305
 0.1359
 0.1452
 0.1881
 0.2203
 1.0324
 1.0571
 1.0752
 1.0974
 1.1021
 1.1164
 1.1256
 1.1501
 1.1557
 1.1932
 1.2122
 1.2218
 1.5156
 1.5520
 1.5674
 1.5782
 1.5902
 1.5959
 1.6084
 1.6159
 1.6257
 1.6333
 1.6400
 1.6474
 1.6566
 1.6594
 1.6611
 1.6820
 1.6872
 1.7063
 1.7207
 1.7305
 1.7315
 1.7350
 1.7478
 1.7514
 1.7692
 1.7751
 1.7923
 1.8069
 1.8128
 1.8197
 2.1037
 2.1120
 2.1321
 2.1484
 2.1517
 2.1677
 2.1719
 2.1805
 2.1827
 2.1971
 2.2190
 2.2205
 2.2383
 2.2440
 2.2519
 2.2684
 2.2762
 2.2847
 2.2975
 2.3013
 2.3151
 2.3330
 2.3377
 2.3568
 2.6669
 2.6848
 2.6943
 2.6997
 2.7083
 2.7192
 2.7282
 2.7318
 2.7349
 2.7527
 2.7568
 2.7649
 2.7771
 2.7842
 2.7906
 2.8025
 2.8141
 2.8319
 2.8330
 2.8457
 2.8558
 2.8672
 2.8753
 2.9093
 3.2053
 3.2107
 3.2289
 3.2314
 3.4140
 3.4190
 3.4288
 3.4421
 3.7281
 3.7358
 3.7424
 3.7478
 3.7582
 3.7711
 3.7761
 3.7937
 3.8034
 3.8093
 3.8200
 3.8380
 3.8471
 3.8529
 3.8544
 3.8637
 3.8732
 3.8936
 3.8980
 3.9051
 3.9301
 3.9396
 3.9464
 3.9634
 4.1506
 4.1678
 4.1865
 4.1946
 4.1996
 4.2063
 4.2209
 4.2219
 4.2286
 4.2405
 4.2424
 4.2479
 4.2552
 4.2603
 4.2788
 4.2857
 4.2936
 4.2963
 4.3011
 4.3097
 4.3330
 4.3478
 4.3506
 4.3654
 4.4308
 4.4387
 4.4538
 4.4692
 4.4809
 4.4860
 4.4944
 4.4962
 4.5092
 4.5105
 4.5178
 4.5268
 4.5347
 4.5474
 4.5523
 4.5611
 4.5731
 4.5757
 4.5813
 4.5848
 4.5977
 4.6049
 4.6191
 4.6277
 4.9055
 4.9135
 4.9228
 5.3404
 5.3545
 5.3671
 5.3762
 5.3984
 5.4016
 5.4076
 5.4200
 5.4264
 5.4338
 5.4558
 5.4635
 5.7995
 5.8224
 5.8314
 5.8437
 5.8555
 5.8717
 5.8792
 5.8952
 5.8990
 5.9050
 5.9138
 5.9270
 5.9349
 5.9420
 5.9473
 5.9559
 5.9646
 5.9706
 5.9761
 5.9768
 5.9850
 5.9931
 6.0000
 6.0067
 6.0147
 6.0214
 6.0240
 6.0307
 6.0368
 6.0463
 6.0685
 6.0691
 6.0822
 6.0899
 6.0915
 6.1141
 6.1780
 6.1899
 6.1971
 6.3374
 6.3752
 6.3849
 6.4034
 6.4154
 6.4278
 6.4405
 6.4606
 6.4713
 6.4864
 6.5086
 6.5275
 6.6445
 6.6603
 6.6617
 6.6680
 6.6841
 6.6975
 6.7032
 6.7133
 6.7195
 6.7297
 6.7383
 6.7574
 6.8434
 6.8729
 6.8811
 6.8963
 6.9112
 6.9166
 6.9278
 6.9383
 6.9506
 6.9599
 6.9690
 6.9731
 6.9808
 6.9897
 6.9938
 7.0032
 7.0069
 7.0211
 7.0245
 7.0311
 7.0369
 7.0447
 7.0573
 7.0677
 7.0694
 7.0743
 7.0830
 7.0903
 7.1002
 7.1078
 7.1156
 7.1217
 7.1321
 7.1365
 7.1574
 7.1607
 7.2877
 7.2941
 7.3033
 7.3278
 7.3294
 7.3445
 7.3477
 7.3502
 7.3548
 7.3619
 7.3801
 7.3958
 7.4010
 7.4203
 7.4361
 7.4431
 7.4527
 7.4678
 7.4739
 7.4903
 7.4973
 7.5013
 7.5072
 7.5177
 7.5235
 7.5373
 7.5487
 7.5545
 7.5719
 7.5771
 7.5796
 7.5943
 7.6122
 7.6249
 7.6408
 7.6542
 7.8967
 7.9332
 7.9420
 7.9615
 7.9972
 8.0296
 8.5202
 8.5340
 8.5497
 8.5535
 8.5641
 8.5721
 8.5739
 8.5851
 8.5882
 8.5900
 8.5998
 8.6142
 8.6219
 8.6238
 8.6282
 8.6294
 8.6380
 8.6468
 8.6567
 8.6644
 8.6667
 8.6724
 8.6896
 8.7012
 8.7472
 8.7739
 8.7869
 8.7924
 8.8014
 8.8128
 8.8183
 8.8296
 8.8373
 8.8388
 8.8502
 8.8538
 8.8660
 8.8687
 8.8711
 8.8801
 8.8832
 8.8955
 8.9010
 8.9065
 8.9086
 8.9186
 8.9329
 8.9407
 8.9556
 8.9593
 8.9643
 8.9734
 8.9812
 8.9922
