-3.314100, -3.252400, -3.254400, -3.193400, -3.192500, -3.252300, -3.190900, -3.190800, -3.193000, -3.132200, -3.131200, -3.192500, -3.130900, -3.131600
-2.806200, -3.066300, -3.060600, -3.010400, -3.028200, -3.066800, -3.013000, -3.020400, -3.008900, -2.955600, -2.973300, -3.021000, -2.974600, -2.970200
-2.782300, -2.729900, -2.725100, -2.994300, -2.974000, -2.730500, -2.996800, -2.987700, -2.996600, -2.941700, -2.941200, -2.984000, -2.939900, -2.934600
-2.767300, -2.698700, -2.715900, -2.807200, -2.810900, -2.714900, -2.818700, -2.821200, -2.812900, -2.930700, -2.908300, -2.813300, -2.909400, -2.920700
-2.740800, -2.688000, -2.690300, -2.658300, -2.656900, -2.668700, -2.643600, -2.642600, -2.648900, -2.760200, -2.783200, -2.649400, -2.785400, -2.777000
-2.716000, -2.664900, -2.664000, -2.627100, -2.624600, -2.658000, -2.615300, -2.616200, -2.621700, -2.754200, -2.747400, -2.620700, -2.748700, -2.746100
-2.714800, -2.540500, -2.519600, -2.470700, -2.499300, -2.548400, -2.474400, -2.482700, -2.475000, -2.735900, -2.722800, -2.479100, -2.716900, -2.728500
-2.287200, -2.505500, -2.509500, -2.452300, -2.449500, -2.528700, -2.454200, -2.448100, -2.454700, -2.558400, -2.563100, -2.460700, -2.562100, -2.560600
-2.260300, -2.498200, -2.500400, -2.440600, -2.425700, -2.481700, -2.434400, -2.428800, -2.436400, -2.221300, -2.239300, -2.443500, -2.239600, -2.231000
-2.242400, -2.469700, -2.472600, -2.415000, -2.398400, -2.466700, -2.410000, -2.410900, -2.415000, -2.205300, -2.197700, -2.397000, -2.202700, -2.197700
-2.222100, -2.317300, -2.312800, -2.274400, -2.289100, -2.306200, -2.294300, -2.288500, -2.288000, -2.186700, -2.166300, -2.285600, -2.172700, -2.176900
-2.215300, -2.171700, -2.180400, -2.265300, -2.279500, -2.161600, -2.265000, -2.269000, -2.273100, -2.058700, -2.064700, -2.260500, -2.077200, -2.078100
-2.202400, -2.141100, -2.139800, -2.237200, -2.232200, -2.150000, -2.244900, -2.243800, -2.235200, -2.043300, -2.040700, -2.243600, -2.028800, -2.051200
-2.188100, -2.119000, -2.126000, -2.216100, -2.197000, -2.134100, -2.213400, -2.213000, -2.210300, -2.027600, -2.025300, -2.219100, -2.024200, -2.008300
-2.162400, -2.105400, -2.109600, -2.086200, -2.082500, -2.088300, -2.077200, -2.080700, -2.071000, -1.987800, -1.990400, -2.081800, -1.986700, -1.994200
-2.153400, -1.979700, -1.970000, -2.038800, -2.038900, -1.974000, -2.044400, -2.054400, -2.045900, -1.984400, -1.975200, -2.037300, -1.976500, -1.979300
-2.142200, -1.947300, -1.939800, -1.753800, -1.782800, -1.967100, -1.752000, -1.750800, -1.761600, -1.955700, -1.965800, -1.768200, -1.962000, -1.950000
-2.122300, -1.912700, -1.929700, -1.730400, -1.736400, -1.944500, -1.730900, -1.737100, -1.745700, -1.842300, -1.845000, -1.733400, -1.842300, -1.836700
-2.106400, -1.907700, -1.907800, -1.707200, -1.720800, -1.897600, -1.725900, -1.703600, -1.707900, -1.804900, -1.815400, -1.716200, -1.800500, -1.828100
-1.679800, -1.790100, -1.781200, -1.688000, -1.691100, -1.804700, -1.700500, -1.684800, -1.691900, -1.779400, -1.786100, -1.682300, -1.780400, -1.774300
-1.674200, -1.771100, -1.761600, -1.676000, -1.662700, -1.768100, -1.672100, -1.668100, -1.678900, -1.669900, -1.665000, -1.677100, -1.686700, -1.659100
-1.652100, -1.754100, -1.744800, -1.671100, -1.643600, -1.745800, -1.649500, -1.655900, -1.640400, -1.640200, -1.650100, -1.639800, -1.632400, -1.649300
-1.631300, -1.729900, -1.733700, -1.552700, -1.556200, -1.708300, -1.549800, -1.550500, -1.560200, -1.620800, -1.597300, -1.563900, -1.614700, -1.608700
-1.621400, -1.715800, -1.720400, -1.525500, -1.538900, -1.700200, -1.527500, -1.528100, -1.524900, -1.508400, -1.489700, -1.525800, -1.501000, -1.507100
-1.604100, -1.269700, -1.267500, -1.507500, -1.507800, -1.291800, -1.509400, -1.511700, -1.514800, -1.482100, -1.478300, -1.515700, -1.472700, -1.476600
-1.580700, -1.252400, -1.249600, -1.492000, -1.481000, -1.260500, -1.499800, -1.504300, -1.491400, -1.452500, -1.456300, -1.494100, -1.452800, -1.446000
-1.567500, -1.242200, -1.225600, -1.477100, -1.469700, -1.229900, -1.467100, -1.494300, -1.469500, -1.424700, -1.435700, -1.461900, -1.435800, -1.441300
-1.153300, -1.227100, -1.207200, -1.462400, -1.449800, -1.207300, -1.453800, -1.455000, -1.443500, -1.420700, -1.424400, -1.446500, -1.416100, -1.403200
-1.119600, -1.207800, -1.200100, -1.321200, -1.317800, -1.203300, -1.322800, -1.320300, -1.318100, -1.395600, -1.399000, -1.319200, -1.390300, -1.391800
-1.095200, -1.177700, -1.194300, -1.185600, -1.182400, -1.186800, -1.175500, -1.163900, -1.180100, -1.294100, -1.291400, -1.183800, -1.318800, -1.312100
-1.075100, -1.151500, -1.164500, -1.152000, -1.155500, -1.152000, -1.154000, -1.156400, -1.155400, -1.282000, -1.283800, -1.154600, -1.285200, -1.292700
-1.037900, -1.123900, -1.146500, -1.131200, -1.134500, -1.133600, -1.141900, -1.134200, -1.142700, -1.262400, -1.259100, -1.151000, -1.268200, -1.272500
-1.030500, -1.052100, -1.061800, -1.113100, -1.111400, -1.060000, -1.111100, -1.107400, -1.117400, -1.234500, -1.246300, -1.104400, -1.241200, -1.244300
-0.673800, -1.021300, -1.029300, -0.998100, -1.016900, -1.017400, -1.009600, -1.002000, -1.006600, -1.220100, -1.225300, -1.022400, -1.233300, -1.215000
-0.647200, -1.003200, -1.002600, -0.980400, -0.988400, -0.988600, -0.987500, -0.976500, -0.984300, -1.213900, -1.193500, -0.980700, -1.180000, -1.189200
-0.636500, -0.977000, -0.975400, -0.963900, -0.960200, -0.984600, -0.948400, -0.959100, -0.958200, -1.093900, -1.096600, -0.967300, -1.096800, -1.092100
-0.622100, -0.855700, -0.858500, -0.950800, -0.957400, -0.869400, -0.935200, -0.948400, -0.948600, -1.054200, -1.074400, -0.951800, -1.056400, -1.081600
-0.609900, -0.836000, -0.846300, -0.924000, -0.907900, -0.833900, -0.912900, -0.921900, -0.929500, -1.041000, -1.036500, -0.908500, -1.027800, -1.030600
-0.587400, -0.824200, -0.812400, -0.898500, -0.887800, -0.799700, -0.900000, -0.913000, -0.885900, -0.777900, -0.766800, -0.873000, -0.776700, -0.758900
-0.577400, -0.796400, -0.773100, -0.809600, -0.822000, -0.787600, -0.818500, -0.808800, -0.828800, -0.742200, -0.745800, -0.844500, -0.763700, -0.752000
-0.568900, -0.682800, -0.685200, -0.794700, -0.808900, -0.681000, -0.804300, -0.792600, -0.802000, -0.717300, -0.712300, -0.809300, -0.736700, -0.724000
-0.553500, -0.665000, -0.652500, -0.781600, -0.788900, -0.669700, -0.784900, -0.780100, -0.791100, -0.692400, -0.694700, -0.782700, -0.700900, -0.691400
-0.549200, -0.634700, -0.638100, -0.763000, -0.774300, -0.646800, -0.769500, -0.759000, -0.760500, -0.680600, -0.675800, -0.769200, -0.680500, -0.679800
-0.544000, -0.624700, -0.626000, -0.750900, -0.757000, -0.605500, -0.750400, -0.752000, -0.742400, -0.662400, -0.660800, -0.743500, -0.619000, -0.649700
-0.524000, -0.505200, -0.545900, -0.739800, -0.719400, -0.527500, -0.733400, -0.735200, -0.727900, -0.574100, -0.572500, -0.728800, -0.572800, -0.572000
-0.512500, -0.494400, -0.515100, -0.719300, -0.701000, -0.492000, -0.714600, -0.714000, -0.706400, -0.536300, -0.555000, -0.701000, -0.545400, -0.562900
-0.498200, -0.477600, -0.493300, -0.689500, -0.693400, -0.480800, -0.693700, -0.699400, -0.682500, -0.517100, -0.538800, -0.678100, -0.531300, -0.511800
-0.490300, -0.467500, -0.459200, -0.577700, -0.570400, -0.472500, -0.574300, -0.581300, -0.595700, -0.498500, -0.490300, -0.593500, -0.493600, -0.490500
-0.487700, -0.450600, -0.453700, -0.553200, -0.551900, -0.455600, -0.551700, -0.561400, -0.549100, -0.478000, -0.466900, -0.549600, -0.473000, -0.474000
-0.466800, -0.431000, -0.444200, -0.260300, -0.290100, -0.439200, -0.265200, -0.268500, -0.292600, -0.468100, -0.453800, -0.285500, -0.430200, -0.461700
-0.459500, -0.417800, -0.399800, -0.251000, -0.261500, -0.420000, -0.247500, -0.251700, -0.248200, -0.330800, -0.338000, -0.260400, -0.338000, -0.326100
-0.451800, -0.406300, -0.386800, -0.244300, -0.232700, -0.387700, -0.227700, -0.235300, -0.225300, -0.207000, -0.204700, -0.237800, -0.212100, -0.201100
-0.439700, -0.341300, -0.336900, -0.217200, -0.215700, -0.346500, -0.222500, -0.222800, -0.217600, -0.184900, -0.188700, -0.211900, -0.198900, -0.181700
-0.419500, -0.315100, -0.306500, -0.204800, -0.187100, -0.326400, -0.210700, -0.185000, -0.202900, -0.163900, -0.170700, -0.197300, -0.180500, -0.168800
-0.417900, -0.283500, -0.288200, -0.185600, -0.173700, -0.298500, -0.189900, -0.178400, -0.190200, -0.150200, -0.161400, -0.194700, -0.146200, -0.155800
-0.390600, -0.276100, -0.278100, -0.172900, -0.158400, -0.275100, -0.172400, -0.168400, -0.163900, -0.133000, -0.125600, -0.147600, -0.124400, -0.140200
-0.376000, -0.257200, -0.260100, -0.068800, -0.092500, -0.266200, -0.065400, -0.070700, -0.076500, -0.111600, -0.097000, -0.083100, -0.105300, -0.097800
-0.102000, -0.248500, -0.246800, -0.040400, -0.063700, -0.236700, -0.056500, -0.065700, -0.048400, -0.041600, -0.029000, -0.044100, -0.038800, -0.041900
-0.075100, -0.233200, -0.223800, -0.030000, -0.030200, -0.234100, -0.048400, -0.040500, -0.028100, -0.010300, -0.014100, -0.035100, -0.018300, -0.010200
-0.070900, -0.223800, -0.205500, -0.019700, -0.000700, -0.220700, -0.021200, -0.013300, -0.019900, 0.010500, 0.012500, -0.004400, -0.011900, 0.003400
-0.046800, -0.176500, -0.184000, -0.012100, 0.008500, -0.181300, 0.006800, 0.004200, 0.009200, 0.036700, 0.025900, 0.014700, 0.022700, 0.018300
-0.044000, -0.105300, -0.107900, 0.020600, 0.023500, -0.107400, 0.018200, 0.019600, 0.023800, 0.043300, 0.048200, 0.025100, 0.039800, 0.039300
-0.040000, -0.083200, -0.101000, 0.130900, 0.123300, -0.082900, 0.130800, 0.110900, 0.109100, 0.050500, 0.061500, 0.097400, 0.061400, 0.046700
-0.005800, -0.058500, -0.056600, 0.153000, 0.149100, -0.041400, 0.153800, 0.150300, 0.141700, 0.068300, 0.070100, 0.150200, 0.070800, 0.077400
0.006500, -0.037700, -0.008600, 0.175600, 0.174100, -0.032800, 0.175100, 0.168900, 0.175800, 0.082800, 0.087700, 0.166600, 0.092200, 0.093800
0.015700, 0.239800, 0.245500, 0.197500, 0.211700, 0.240000, 0.200700, 0.181600, 0.205100, 0.114400, 0.100900, 0.227800, 0.139400, 0.115900
0.020300, 0.261400, 0.256500, 0.277000, 0.288300, 0.249600, 0.294000, 0.296100, 0.298200, 0.187300, 0.186300, 0.286300, 0.188900, 0.164500
0.032700, 0.278500, 0.276900, 0.314000, 0.301300, 0.287900, 0.311000, 0.312800, 0.318300, 0.198400, 0.208900, 0.309300, 0.198400, 0.193700
0.059800, 0.292700, 0.305300, 0.325700, 0.317500, 0.306200, 0.332200, 0.327700, 0.343800, 0.211100, 0.215000, 0.327600, 0.233400, 0.219500
0.064700, 0.375400, 0.368200, 0.343100, 0.334300, 0.383000, 0.348800, 0.353300, 0.353400, 0.236600, 0.235800, 0.351700, 0.245500, 0.242500
0.075300, 0.410700, 0.406400, 0.356000, 0.367200, 0.391400, 0.363200, 0.362000, 0.360800, 0.270100, 0.259700, 0.361200, 0.259800, 0.271200
0.075800, 0.418100, 0.419900, 0.384400, 0.397500, 0.416000, 0.376500, 0.392600, 0.378500, 0.295500, 0.287600, 0.389000, 0.277200, 0.313800
0.082900, 0.431400, 0.440200, 0.472800, 0.462600, 0.435700, 0.456300, 0.470900, 0.468500, 0.665500, 0.665600, 0.435800, 0.662000, 0.633300
0.092600, 0.448000, 0.451800, 0.491600, 0.479800, 0.449000, 0.480200, 0.484500, 0.477600, 0.679600, 0.692600, 0.475300, 0.675500, 0.679900
0.101500, 0.469000, 0.464000, 0.503300, 0.503000, 0.468500, 0.502300, 0.509000, 0.499700, 0.711100, 0.702500, 0.496000, 0.697400, 0.699200
0.122300, 0.474800, 0.479200, 0.524500, 0.516300, 0.472400, 0.515900, 0.528700, 0.520800, 0.725000, 0.726500, 0.529100, 0.715300, 0.708500
0.130500, 0.488500, 0.495600, 0.535200, 0.544100, 0.496200, 0.534500, 0.538800, 0.526300, 0.736600, 0.738000, 0.537900, 0.736500, 0.729000
0.135900, 0.501800, 0.504700, 0.549900, 0.549900, 0.518200, 0.553500, 0.555600, 0.555300, 0.753900, 0.747200, 0.568400, 0.747500, 0.752200
0.145200, 0.520800, 0.515200, 0.556900, 0.574200, 0.525000, 0.569700, 0.568300, 0.573000, 0.758600, 0.751100, 0.578800, 0.762100, 0.760100
0.188100, 0.536700, 0.534600, 0.585500, 0.587000, 0.540600, 0.593200, 0.577300, 0.596000, 0.778600, 0.767700, 0.605100, 0.771800, 0.782300
0.220300, 0.554300, 0.570600, 0.665500, 0.650900, 0.572200, 0.667900, 0.657500, 0.675100, 0.785100, 0.783000, 0.642700, 0.794000, 0.797000
1.032400, 0.662700, 0.659700, 0.696100, 0.684300, 0.656200, 0.682300, 0.665900, 0.685000, 0.805600, 0.805100, 0.686000, 0.812300, 0.809400
1.057100, 0.786900, 0.789800, 0.707600, 0.691600, 0.793200, 0.693300, 0.695400, 0.695000, 0.822700, 0.818500, 0.698300, 0.828100, 0.838100
1.075200, 0.825600, 0.825700, 0.718100, 0.707100, 0.813900, 0.705300, 0.713200, 0.712700, 0.841300, 0.841000, 0.707200, 0.846700, 0.849700
1.097400, 0.849000, 0.837600, 0.730800, 0.730200, 0.829700, 0.727400, 0.727600, 0.729600, 0.879600, 0.884400, 0.736400, 0.873900, 0.887500
1.102100, 0.864100, 0.865900, 0.735500, 0.747400, 0.871100, 0.749700, 0.748100, 0.746200, 0.901700, 0.895200, 0.749400, 0.882800, 0.896600
1.116400, 0.946600, 0.933500, 0.749100, 0.772200, 0.936300, 0.758800, 0.759100, 0.759400, 0.913400, 0.903600, 0.758400, 0.911900, 0.910200
1.125600, 0.981200, 0.970200, 0.766700, 0.780800, 0.984800, 0.776700, 0.783600, 0.781300, 0.930600, 0.926900, 0.785100, 0.924700, 0.925800
1.150100, 0.997800, 0.989600, 0.877700, 0.856200, 0.988400, 0.862100, 0.870700, 0.860100, 0.938400, 0.940700, 0.864800, 0.937200, 0.937500
1.155700, 1.009100, 1.011500, 0.905200, 0.897500, 0.997400, 0.904300, 0.891600, 0.883300, 0.950200, 0.955100, 0.881000, 0.948000, 0.956500
1.193200, 1.016800, 1.021800, 0.933800, 0.930100, 1.018600, 0.911400, 0.917300, 0.907900, 0.967600, 0.976900, 0.923900, 0.960900, 0.977100
1.212200, 1.035100, 1.040500, 0.943100, 0.942600, 1.032900, 0.940000, 0.944300, 0.951200, 0.986700, 0.985400, 0.937200, 0.988900, 0.987400
1.221800, 1.053800, 1.068400, 1.190500, 1.182200, 1.053700, 1.193900, 1.182500, 1.170400, 1.001100, 0.989300, 1.173600, 1.003000, 0.996800
1.515600, 1.068100, 1.086300, 1.206700, 1.191800, 1.094700, 1.211900, 1.200000, 1.192800, 1.007500, 1.009800, 1.190500, 1.010700, 1.011600
1.552000, 1.139000, 1.127700, 1.223200, 1.206900, 1.137900, 1.223000, 1.217100, 1.221900, 1.018800, 1.027800, 1.221300, 1.022000, 1.031100
1.567400, 1.155300, 1.151000, 1.230600, 1.228900, 1.154800, 1.233700, 1.225200, 1.235700, 1.029100, 1.049500, 1.237700, 1.073200, 1.037400
1.578200, 1.176100, 1.169400, 1.236200, 1.245200, 1.174800, 1.249800, 1.254500, 1.247200, 1.121200, 1.127500, 1.241300, 1.118800, 1.126500
1.590200, 1.196400, 1.195400, 1.254300, 1.265800, 1.188000, 1.264700, 1.261800, 1.263800, 1.147800, 1.149200, 1.256200, 1.156200, 1.141200
1.595900, 1.208800, 1.206500, 1.268800, 1.277500, 1.212500, 1.283700, 1.273300, 1.275300, 1.175500, 1.181100, 1.272900, 1.174100, 1.172600
1.608400, 1.236500, 1.236400, 1.280800, 1.283600, 1.238800, 1.288300, 1.290100, 1.287400, 1.267500, 1.279000, 1.298600, 1.261600, 1.278400
1.615900, 1.262800, 1.248600, 1.299900, 1.298300, 1.255600, 1.300700, 1.297700, 1.297600, 1.281200, 1.285900, 1.310000, 1.282100, 1.287400
1.625700, 1.281500, 1.267600, 1.312300, 1.339700, 1.283300, 1.318800, 1.329300, 1.311100, 1.303900, 1.300000, 1.331600, 1.301400, 1.298700
1.633300, 1.365700, 1.358400, 1.395900, 1.389400, 1.359300, 1.382700, 1.403000, 1.378700, 1.322200, 1.329400, 1.373800, 1.315000, 1.317800
1.640000, 1.384600, 1.382400, 1.410300, 1.413900, 1.379000, 1.403000, 1.408900, 1.405400, 1.338700, 1.341500, 1.405700, 1.348600, 1.333800
1.647400, 1.402600, 1.409600, 1.427400, 1.418700, 1.402300, 1.435800, 1.422400, 1.423200, 1.362300, 1.356500, 1.420700, 1.371500, 1.362300
1.656600, 1.428700, 1.432000, 1.436400, 1.436500, 1.431400, 1.443400, 1.440800, 1.437700, 1.379000, 1.368400, 1.428000, 1.381500, 1.392300
1.659400, 1.647200, 1.652600, 1.448200, 1.470500, 1.655300, 1.448200, 1.469300, 1.450200, 1.463000, 1.446600, 1.451300, 1.457000, 1.455500
1.661100, 1.681200, 1.685900, 1.468300, 1.485900, 1.696800, 1.467300, 1.477700, 1.478000, 1.480700, 1.477400, 1.477900, 1.471100, 1.483600
1.682000, 1.716500, 1.707500, 1.486200, 1.495700, 1.703900, 1.488300, 1.486400, 1.492700, 1.503800, 1.500200, 1.508200, 1.502500, 1.494600
1.687200, 1.734000, 1.735700, 1.505000, 1.511800, 1.726600, 1.515000, 1.499900, 1.524400, 1.525000, 1.521900, 1.522400, 1.513100, 1.514500
1.706300, 1.754300, 1.743900, 1.614600, 1.617500, 1.740800, 1.615400, 1.602600, 1.616300, 1.536400, 1.536000, 1.613500, 1.541500, 1.534200
1.720700, 1.764900, 1.749100, 1.638400, 1.628600, 1.752300, 1.642100, 1.639900, 1.636400, 1.551000, 1.554800, 1.635800, 1.567800, 1.545900
1.730500, 1.793200, 1.771200, 1.745400, 1.743300, 1.774500, 1.760300, 1.766400, 1.768400, 1.626000, 1.631100, 1.743800, 1.631100, 1.624900
1.731500, 1.805100, 1.793500, 1.778000, 1.767600, 1.806200, 1.773800, 1.769300, 1.780700, 1.649600, 1.649700, 1.755400, 1.643200, 1.650400
1.735000, 1.866300, 1.867000, 1.784700, 1.792100, 1.847500, 1.783200, 1.795300, 1.792600, 1.666200, 1.662900, 1.783300, 1.658800, 1.671100
1.747800, 1.890300, 1.886300, 1.805000, 1.796700, 1.883000, 1.804200, 1.800400, 1.801200, 1.685200, 1.671900, 1.816700, 1.683600, 1.687100
1.751400, 1.898900, 1.889300, 1.818200, 1.809700, 1.892700, 1.821300, 1.819400, 1.812300, 1.696300, 1.688500, 1.840900, 1.696600, 1.691800
1.769200, 1.911700, 1.907700, 1.838300, 1.839800, 1.919500, 1.832000, 1.842600, 1.834000, 1.706800, 1.700300, 1.848500, 1.698700, 1.709500
1.775100, 1.917200, 1.936600, 1.934400, 1.907000, 1.940500, 1.927700, 1.928800, 1.898100, 1.713400, 1.727000, 1.901400, 1.718500, 1.714100
1.792300, 1.941300, 1.939500, 1.944800, 1.929700, 1.947500, 1.938900, 1.940000, 1.920000, 1.721100, 1.736800, 1.934100, 1.732300, 1.737200
1.806900, 1.964100, 1.962700, 1.958000, 1.933200, 1.971100, 1.954800, 1.946900, 1.960400, 1.749000, 1.758000, 1.950400, 1.757900, 1.749900
1.812800, 1.981400, 1.996500, 1.967800, 1.968200, 1.998400, 1.962900, 1.972600, 1.965700, 1.825500, 1.831400, 1.955000, 1.824000, 1.825300
1.819700, 2.078300, 2.073800, 1.975600, 1.978400, 2.064500, 1.983500, 1.985000, 1.978800, 1.850800, 1.840500, 1.973800, 1.841400, 1.841600
2.103700, 2.100600, 2.098400, 1.983000, 1.987500, 2.089700, 1.994600, 1.994000, 1.990500, 1.862600, 1.868900, 1.988300, 1.861000, 1.864300
2.112000, 2.116400, 2.125700, 2.001900, 2.005700, 2.134000, 2.008100, 2.005500, 2.006500, 1.884900, 1.886200, 2.010000, 1.892000, 1.879800
2.132100, 2.134800, 2.147900, 2.006300, 2.031300, 2.142600, 2.019300, 2.025200, 2.036400, 1.913500, 1.904600, 2.015600, 1.909000, 1.904200
2.148400, 2.197900, 2.211600, 2.025800, 2.042200, 2.216200, 2.028700, 2.036600, 2.049200, 1.944900, 1.930100, 2.049200, 1.927700, 1.937300
2.151700, 2.230700, 2.243800, 2.049300, 2.053700, 2.227400, 2.038000, 2.042800, 2.056900, 2.149800, 2.152500, 2.066600, 2.142000, 2.146600
2.167700, 2.250900, 2.252900, 2.116000, 2.114200, 2.254700, 2.104200, 2.115200, 2.098100, 2.164200, 2.158900, 2.087600, 2.159400, 2.168000
2.171900, 2.257400, 2.265700, 2.135200, 2.130900, 2.262600, 2.126200, 2.125700, 2.119600, 2.173200, 2.179400, 2.112400, 2.179000, 2.172900
2.180500, 2.269700, 2.281500, 2.140100, 2.144800, 2.280700, 2.136000, 2.143100, 2.138800, 2.189900, 2.191500, 2.128000, 2.186300, 2.193600
2.182700, 2.285100, 2.288700, 2.152800, 2.146200, 2.293400, 2.155600, 2.152400, 2.149600, 2.215300, 2.212500, 2.135800, 2.193100, 2.200700
2.197100, 2.309300, 2.295500, 2.164300, 2.162800, 2.304900, 2.166600, 2.161300, 2.162500, 2.223400, 2.223500, 2.159200, 2.227700, 2.217400
2.219000, 2.331100, 2.315200, 2.172900, 2.170100, 2.316100, 2.174900, 2.172700, 2.183100, 2.230200, 2.244500, 2.178800, 2.237900, 2.242100
2.220500, 2.371900, 2.384400, 2.193400, 2.183500, 2.373900, 2.191500, 2.180900, 2.189600, 2.243700, 2.257400, 2.190100, 2.249600, 2.247200
2.238300, 2.397800, 2.404000, 2.195900, 2.204900, 2.390500, 2.198600, 2.194900, 2.203100, 2.266300, 2.263100, 2.200000, 2.260600, 2.263200
2.244000, 2.415700, 2.410600, 2.225100, 2.217800, 2.410000, 2.205900, 2.200900, 2.221200, 2.277700, 2.273500, 2.226500, 2.277500, 2.268200
2.251900, 2.424700, 2.432000, 2.230000, 2.239400, 2.416300, 2.227600, 2.223000, 2.236800, 2.289800, 2.286700, 2.243900, 2.302100, 2.291600
2.268400, 2.430500, 2.435900, 2.250000, 2.250000, 2.434000, 2.236300, 2.241400, 2.246000, 2.303100, 2.313100, 2.264000, 2.316400, 2.310100
2.276200, 2.437600, 2.449900, 2.255500, 2.270900, 2.442200, 2.265200, 2.248400, 2.265100, 2.379200, 2.379500, 2.290300, 2.374000, 2.370700
2.284700, 2.456500, 2.455300, 2.633600, 2.622900, 2.456300, 2.625200, 2.639600, 2.630400, 2.389100, 2.401100, 2.623200, 2.396200, 2.393500
2.297500, 2.461800, 2.468800, 2.650500, 2.647400, 2.461900, 2.647100, 2.655600, 2.655600, 2.415600, 2.411300, 2.646000, 2.420800, 2.423900
2.301300, 2.478000, 2.478300, 2.671700, 2.662100, 2.469900, 2.666800, 2.671500, 2.664700, 2.438800, 2.434100, 2.658500, 2.438400, 2.441400
2.315100, 2.488700, 2.490400, 2.690300, 2.675700, 2.492900, 2.676300, 2.681900, 2.677100, 2.454400, 2.454000, 2.675200, 2.451500, 2.458800
2.333000, 2.493500, 2.502800, 2.700600, 2.702000, 2.502100, 2.700600, 2.696300, 2.685100, 2.473500, 2.466600, 2.685000, 2.477800, 2.481000
2.337700, 2.507900, 2.506700, 2.704400, 2.711500, 2.510600, 2.710300, 2.706600, 2.698800, 2.572000, 2.569600, 2.704800, 2.578600, 2.561300
2.356800, 2.528400, 2.520000, 2.716100, 2.725500, 2.525600, 2.722700, 2.714800, 2.727200, 2.591400, 2.589800, 2.718000, 2.594300, 2.593500
2.666900, 2.545100, 2.529600, 2.732100, 2.739300, 2.537300, 2.732100, 2.736900, 2.729400, 2.614700, 2.605700, 2.739200, 2.613700, 2.621900
2.684800, 2.547900, 2.554400, 2.745800, 2.763300, 2.547800, 2.738900, 2.754000, 2.745300, 2.713100, 2.727800, 2.765300, 2.708400, 2.723700
2.694300, 2.565100, 2.572700, 2.818500, 2.800300, 2.579000, 2.806800, 2.797900, 2.803400, 2.739100, 2.738700, 2.788200, 2.735300, 2.739500
2.699700, 2.598100, 2.606500, 2.830300, 2.821000, 2.606000, 2.825700, 2.827400, 2.815600, 2.759700, 2.754100, 2.812800, 2.747800, 2.751700
2.708300, 2.619800, 2.623500, 2.847300, 2.828600, 2.616900, 2.841800, 2.841800, 2.836300, 2.783000, 2.772100, 2.838300, 2.783700, 2.766600
2.719200, 2.636600, 2.632200, 2.863400, 2.840700, 2.640000, 2.857100, 2.845400, 2.843200, 2.787900, 2.799700, 2.841500, 2.785300, 2.806200
2.728200, 2.646000, 2.650700, 2.871000, 2.861000, 2.663100, 2.861900, 2.857600, 2.866300, 2.805400, 2.803800, 2.864000, 2.817600, 2.820700
2.731800, 2.672800, 2.674600, 2.877400, 2.864000, 2.676000, 2.873800, 2.868300, 2.879100, 2.885600, 2.893800, 2.874400, 2.885400, 2.868400
2.734900, 2.695600, 2.689400, 2.882400, 2.882200, 2.696400, 2.888300, 2.871600, 2.886000, 2.908700, 2.906200, 2.885100, 2.907500, 2.901700
2.752700, 2.705700, 2.706800, 2.886700, 2.891500, 2.709100, 2.894600, 2.889500, 2.891200, 2.924800, 2.917700, 2.898100, 2.940000, 2.925900
2.756800, 2.740100, 2.729800, 2.894800, 2.912800, 2.732400, 2.904500, 2.894500, 2.897900, 2.938000, 2.938800, 2.913600, 2.949700, 2.948800
2.764900, 2.813800, 2.804100, 2.899900, 2.917200, 2.788300, 2.913700, 2.908500, 2.920100, 2.983400, 2.974100, 2.923100, 2.970400, 2.981400
2.777100, 2.821200, 2.822000, 2.919500, 2.932300, 2.825400, 2.926900, 2.930100, 2.924300, 2.999200, 2.995400, 2.938200, 2.998500, 3.009300
2.784200, 2.837900, 2.836000, 2.934800, 2.945800, 2.845500, 2.937000, 2.933900, 2.947100, 3.063000, 3.046900, 2.947100, 3.057000, 3.045400
2.790600, 2.862800, 2.857900, 2.944900, 2.959300, 2.871100, 2.949600, 2.949600, 2.959800, 3.072200, 3.064500, 2.958600, 3.067800, 3.069600
2.802500, 2.878700, 2.901100, 2.955400, 2.966900, 2.881900, 2.959800, 2.954400, 2.973500, 3.085200, 3.083300, 2.983700, 3.079600, 3.080800
2.814100, 3.115200, 3.116400, 3.039700, 3.031000, 3.107000, 3.029800, 3.027700, 3.028100, 3.090700, 3.102200, 3.020700, 3.099200, 3.092100
2.831900, 3.125800, 3.135800, 3.057700, 3.051500, 3.117700, 3.051000, 3.047500, 3.051700, 3.105400, 3.112600, 3.032100, 3.107900, 3.109400
2.833000, 3.135800, 3.140700, 3.069300, 3.072900, 3.133900, 3.062300, 3.069500, 3.067500, 3.120500, 3.126700, 3.063400, 3.117800, 3.125200
2.845700, 3.152900, 3.155600, 3.081200, 3.091300, 3.144800, 3.085300, 3.090600, 3.091300, 3.136100, 3.136000, 3.078400, 3.128000, 3.134400
2.855800, 3.160900, 3.166700, 3.098000, 3.100500, 3.159400, 3.102600, 3.105500, 3.107300, 3.146500, 3.144800, 3.108900, 3.134700, 3.152300
2.867200, 3.175200, 3.175900, 3.116800, 3.135600, 3.172900, 3.122200, 3.119000, 3.123800, 3.162600, 3.151900, 3.144400, 3.151500, 3.155600
2.875300, 3.181200, 3.188500, 3.200500, 3.199000, 3.180100, 3.195700, 3.196900, 3.210600, 3.169600, 3.171000, 3.203200, 3.167200, 3.168700
2.909300, 3.198800, 3.194000, 3.218100, 3.211600, 3.200700, 3.218400, 3.223900, 3.222500, 3.179400, 3.194600, 3.220100, 3.186000, 3.186300
3.205300, 3.203400, 3.205900, 3.233900, 3.224400, 3.209700, 3.229200, 3.239000, 3.242300, 3.195600, 3.208000, 3.234600, 3.219600, 3.203200
3.210700, 3.222700, 3.220100, 3.256600, 3.257300, 3.224500, 3.244700, 3.264300, 3.247000, 3.276900, 3.283700, 3.250300, 3.274900, 3.269800
3.228900, 3.240800, 3.231500, 3.267800, 3.264700, 3.234200, 3.263900, 3.274900, 3.259000, 3.303800, 3.297700, 3.264300, 3.295200, 3.299800
3.231400, 3.252700, 3.241200, 3.274000, 3.287400, 3.258500, 3.285000, 3.285500, 3.273200, 3.324500, 3.320800, 3.285800, 3.333000, 3.323600
3.414000, 3.318700, 3.299100, 3.324900, 3.329500, 3.305400, 3.326800, 3.341400, 3.318900, 3.543100, 3.524000, 3.316300, 3.526900, 3.536400
3.419000, 3.330900, 3.321200, 3.344200, 3.339700, 3.330100, 3.347800, 3.347200, 3.336000, 3.556500, 3.555100, 3.340000, 3.539900, 3.554000
3.428800, 3.340800, 3.335000, 3.372500, 3.369000, 3.344300, 3.381700, 3.362600, 3.377900, 3.568900, 3.581600, 3.367500, 3.578200, 3.579000
3.442100, 3.354500, 3.344500, 3.390200, 3.373500, 3.351000, 3.389900, 3.389000, 3.391600, 3.615000, 3.607000, 3.388000, 3.607800, 3.610000
3.728100, 3.361000, 3.354800, 3.406200, 3.398700, 3.365100, 3.411700, 3.406600, 3.408100, 3.633000, 3.624400, 3.400300, 3.638000, 3.625600
3.735800, 3.368700, 3.367200, 3.416400, 3.402300, 3.369700, 3.425600, 3.419500, 3.420800, 3.644800, 3.641000, 3.412100, 3.643700, 3.645000
3.742400, 3.381300, 3.378600, 3.433300, 3.429300, 3.376800, 3.433000, 3.430400, 3.433800, 3.663600, 3.658700, 3.428200, 3.672600, 3.656300
3.747800, 3.385300, 3.384400, 3.439500, 3.436100, 3.393600, 3.440800, 3.440700, 3.442000, 3.676400, 3.685600, 3.439500, 3.680700, 3.682500
3.758200, 3.394400, 3.391400, 3.452000, 3.466800, 3.397900, 3.446100, 3.450200, 3.452800, 3.689500, 3.694600, 3.469300, 3.702900, 3.700100
3.771100, 3.414400, 3.404400, 3.465900, 3.478100, 3.408300, 3.473700, 3.473900, 3.465100, 3.724500, 3.715600, 3.481300, 3.726100, 3.737800
3.776100, 3.419600, 3.425200, 3.532400, 3.530800, 3.422100, 3.533100, 3.535300, 3.526300, 3.745900, 3.754300, 3.537300, 3.743100, 3.758800
3.793700, 3.434900, 3.452700, 3.544000, 3.548000, 3.455300, 3.547700, 3.542000, 3.546100, 3.768500, 3.768800, 3.546700, 3.758000, 3.763900
3.803400, 3.659000, 3.673300, 3.560100, 3.562200, 3.664400, 3.562300, 3.566700, 3.563000, 3.779500, 3.775700, 3.566500, 3.769100, 3.778000
3.809300, 3.675800, 3.688200, 3.586800, 3.574700, 3.666300, 3.581500, 3.577400, 3.584000, 3.791200, 3.790700, 3.579800, 3.788100, 3.790800
3.820000, 3.691800, 3.700200, 3.598400, 3.590100, 3.692700, 3.588500, 3.594300, 3.593500, 3.795800, 3.800800, 3.586800, 3.802900, 3.801000
3.838000, 3.712800, 3.721400, 3.612800, 3.602800, 3.706900, 3.602200, 3.607100, 3.602200, 3.820700, 3.805100, 3.611000, 3.809600, 3.813100
3.847100, 3.720300, 3.729900, 3.619900, 3.621100, 3.730200, 3.619900, 3.623500, 3.616400, 3.831000, 3.823200, 3.625400, 3.825900, 3.826200
3.852900, 3.737500, 3.735700, 3.628200, 3.627800, 3.737200, 3.630600, 3.629600, 3.630900, 3.839900, 3.838800, 3.634700, 3.840700, 3.829000
3.854400, 3.757700, 3.745100, 3.641300, 3.647200, 3.743000, 3.636400, 3.639600, 3.646900, 3.849600, 3.851000, 3.647000, 3.848600, 3.846000
3.863700, 3.775500, 3.769300, 3.664100, 3.665100, 3.759700, 3.663800, 3.665900, 3.658200, 3.860300, 3.865300, 3.667200, 3.859100, 3.852800
3.873200, 3.819600, 3.817100, 3.696000, 3.697700, 3.817600, 3.705800, 3.703300, 3.692900, 3.870800, 3.869400, 3.682700, 3.871600, 3.867700
3.893600, 3.843800, 3.846200, 3.708300, 3.710300, 3.841300, 3.710200, 3.713900, 3.713700, 3.875700, 3.884200, 3.701500, 3.888800, 3.886600
3.898000, 3.855300, 3.851600, 3.776900, 3.764800, 3.851300, 3.781200, 3.769300, 3.776500, 3.891600, 3.898900, 3.763000, 3.905000, 3.901900
3.905100, 3.869800, 3.864500, 3.801900, 3.812600, 3.860900, 3.804700, 3.801700, 3.799600, 3.912100, 3.914200, 3.803900, 3.922800, 3.911200
3.930100, 3.899900, 3.877000, 3.898000, 3.905700, 3.871600, 3.905700, 3.904700, 3.907900, 3.973000, 3.966300, 3.907000, 3.974800, 3.976100
3.939600, 3.904000, 3.888400, 3.917700, 3.921200, 3.888700, 3.913000, 3.916200, 3.922400, 3.978300, 3.985100, 3.919600, 3.976900, 3.983300
3.946400, 3.907300, 3.899800, 3.996600, 3.987900, 3.902700, 3.998700, 3.993900, 4.000600, 4.015400, 4.011900, 3.989200, 4.005800, 4.000900
3.963400, 3.917700, 3.912000, 4.022400, 4.016500, 3.913700, 4.013300, 4.014300, 4.023200, 4.027100, 4.022200, 4.013800, 4.037600, 4.019700
4.150600, 3.926700, 3.933100, 4.036100, 4.040700, 3.932900, 4.029300, 4.042300, 4.031600, 4.045000, 4.047700, 4.021900, 4.044200, 4.039200
4.167800, 3.939700, 3.939800, 4.041200, 4.064500, 3.942800, 4.053800, 4.058200, 4.053500, 4.072800, 4.070700, 4.053700, 4.065000, 4.064500
4.186500, 3.949700, 3.951000, 4.071500, 4.081100, 3.955200, 4.067600, 4.078100, 4.072300, 4.116700, 4.111000, 4.072000, 4.104300, 4.111200
4.194600, 3.970600, 3.970400, 4.090600, 4.088900, 3.971000, 4.095600, 4.087600, 4.099200, 4.133600, 4.139300, 4.099200, 4.138700, 4.138100
4.199600, 4.013500, 4.019200, 4.201500, 4.202300, 4.000800, 4.203500, 4.195800, 4.199000, 4.143900, 4.149200, 4.198200, 4.160500, 4.156000
4.206300, 4.042000, 4.039900, 4.231100, 4.226700, 4.027700, 4.227000, 4.224600, 4.215200, 4.182200, 4.200200, 4.215000, 4.184700, 4.190100
4.220900, 4.062600, 4.047300, 4.243100, 4.238800, 4.040800, 4.236600, 4.229600, 4.231700, 4.208200, 4.214700, 4.234100, 4.217000, 4.208800
4.221900, 4.067000, 4.061400, 4.250500, 4.246200, 4.056200, 4.245100, 4.241400, 4.244700, 4.233200, 4.233200, 4.249700, 4.232300, 4.237500
4.228600, 4.072700, 4.075100, 4.259900, 4.256400, 4.083900, 4.258200, 4.258600, 4.249700, 4.250800, 4.252500, 4.262100, 4.252800, 4.250400
4.240500, 4.084000, 4.087800, 4.269400, 4.270600, 4.095800, 4.274400, 4.269900, 4.273500, 4.269800, 4.275500, 4.273400, 4.262300, 4.265600
4.242400, 4.092200, 4.101700, 4.280000, 4.277700, 4.102200, 4.281300, 4.285500, 4.285800, 4.294500, 4.297200, 4.278600, 4.292900, 4.286600
4.247900, 4.098500, 4.103500, 4.295200, 4.286400, 4.117000, 4.293100, 4.295700, 4.296200, 4.306100, 4.305400, 4.289300, 4.302000, 4.305900
4.255200, 4.113600, 4.112300, 4.304000, 4.304500, 4.124500, 4.302300, 4.300400, 4.303700, 4.323800, 4.316100, 4.303100, 4.314100, 4.320300
4.260300, 4.121300, 4.126900, 4.318600, 4.307800, 4.135800, 4.314100, 4.315300, 4.311800, 4.329400, 4.329200, 4.307400, 4.324400, 4.339100
4.278800, 4.129200, 4.140700, 4.330500, 4.327500, 4.144500, 4.325800, 4.322600, 4.327700, 4.341000, 4.339200, 4.328300, 4.337900, 4.349100
4.285700, 4.147800, 4.153400, 4.334400, 4.339300, 4.173200, 4.333100, 4.335300, 4.333000, 4.352100, 4.355600, 4.336700, 4.352600, 4.352100
4.293600, 4.176100, 4.177500, 4.346800, 4.352300, 4.193100, 4.341600, 4.341500, 4.344500, 4.370400, 4.373400, 4.351400, 4.369600, 4.366700
4.296300, 4.515700, 4.512500, 4.354200, 4.360300, 4.508800, 4.363600, 4.360700, 4.357000, 4.376100, 4.382000, 4.370900, 4.389600, 4.379100
4.301100, 4.544100, 4.532700, 4.366000, 4.373000, 4.522500, 4.380800, 4.377900, 4.370400, 4.392000, 4.398900, 4.378000, 4.398600, 4.396500
4.309700, 4.548100, 4.545400, 4.379200, 4.391400, 4.554400, 4.390900, 4.383600, 4.391600, 4.404400, 4.408700, 4.401900, 4.416200, 4.407400
4.333000, 4.568300, 4.564100, 4.503700, 4.509200, 4.567500, 4.506900, 4.499000, 4.495200, 4.453700, 4.444000, 4.491600, 4.442100, 4.428100
4.347800, 4.578200, 4.575400, 4.553100, 4.565900, 4.587200, 4.566900, 4.571500, 4.576700, 4.471600, 4.462900, 4.564600, 4.464700, 4.458200
4.350600, 4.585900, 4.594500, 4.581700, 4.576100, 4.595400, 4.585600, 4.585800, 4.585500, 4.477100, 4.480300, 4.570200, 4.479400, 4.476100
4.365400, 4.614600, 4.625400, 4.598200, 4.585400, 4.614500, 4.605700, 4.596500, 4.595400, 4.494700, 4.498700, 4.588700, 4.484800, 4.492200
4.430800, 4.645600, 4.638500, 4.610300, 4.610100, 4.652000, 4.621700, 4.626500, 4.609400, 4.508000, 4.508000, 4.609900, 4.502700, 4.504400
4.438700, 4.761100, 4.747200, 4.634400, 4.619300, 4.736600, 4.635600, 4.638500, 4.631300, 4.514800, 4.521600, 4.636900, 4.511400, 4.517200
4.453800, 4.769400, 4.764800, 4.642300, 4.641500, 4.755400, 4.643200, 4.656900, 4.641600, 4.522400, 4.533200, 4.648000, 4.518800, 4.524700
4.469200, 4.791000, 4.772500, 4.656100, 4.655500, 4.786500, 4.663500, 4.663000, 4.659000, 4.531700, 4.541300, 4.659400, 4.531800, 4.530300
4.480900, 4.798800, 4.799600, 4.681200, 4.673600, 4.798200, 4.674800, 4.676600, 4.662400, 4.540400, 4.547200, 4.671400, 4.543500, 4.541800
4.486000, 4.801200, 4.811600, 4.694200, 4.692100, 4.810900, 4.694300, 4.690100, 4.684600, 4.558200, 4.561000, 4.679600, 4.559700, 4.560600
4.494400, 4.815000, 4.816900, 4.702100, 4.700100, 4.822200, 4.695700, 4.703000, 4.707600, 4.577800, 4.563600, 4.699600, 4.569000, 4.572400
4.496200, 4.821500, 4.831100, 4.728700, 4.717700, 4.826400, 4.708700, 4.720400, 4.718300, 4.580300, 4.571300, 4.718700, 4.575500, 4.579700
4.509200, 4.833800, 4.840300, 4.733000, 4.727600, 4.846000, 4.721400, 4.724600, 4.725600, 4.589500, 4.586800, 4.727600, 4.584900, 4.591300
4.510500, 4.901200, 4.895800, 4.740600, 4.747200, 4.900800, 4.737700, 4.738200, 4.742400, 4.595200, 4.599600, 4.746900, 4.603200, 4.603400
4.517800, 4.931600, 4.905600, 4.755500, 4.753700, 4.922500, 4.760300, 4.752800, 4.763200, 4.603100, 4.607300, 4.753600, 4.606200, 4.611800
4.526800, 4.941400, 4.928500, 4.770500, 4.761800, 4.937000, 4.769500, 4.765400, 4.773300, 4.615900, 4.614300, 4.766100, 4.614500, 4.618600
4.534700, 4.950100, 4.940200, 4.792700, 4.797400, 4.944400, 4.779200, 4.785400, 4.788100, 4.622900, 4.626000, 4.794800, 4.626200, 4.632000
4.547400, 4.962400, 4.958300, 4.801000, 4.815200, 4.956100, 4.799500, 4.807500, 4.806400, 4.635900, 4.631400, 4.808500, 4.650900, 4.637300
4.552300, 4.970300, 4.975400, 4.826300, 4.834700, 4.968000, 4.834700, 4.836400, 4.811200, 4.661000, 4.647600, 4.834200, 4.666500, 4.661300
4.561100, 4.981300, 4.982900, 4.868000, 4.860800, 4.974200, 4.864200, 4.865300, 4.844400, 4.671500, 4.658700, 4.864700, 4.679600, 4.667500
4.573100, 4.999700, 5.008700, 4.886600, 4.888000, 4.995600, 4.869400, 4.879900, 4.901100, 4.683100, 4.677500, 4.898900, 4.691400, 4.699800
4.575700, 5.009100, 5.014300, 4.931900, 4.917000, 5.009400, 4.924700, 4.912800, 4.918500, 4.833700, 4.831500, 4.926300, 4.818500, 4.844400
4.581300, 5.016100, 5.039300, 4.938900, 4.932600, 5.026200, 4.942000, 4.925800, 4.932700, 4.874900, 4.865900, 4.937700, 4.865000, 4.847900
4.584800, 5.043600, 5.045500, 4.948300, 4.938700, 5.045900, 4.951500, 4.952600, 4.961700, 4.893600, 4.899200, 4.948600, 4.887700, 4.899800
4.597700, 5.045500, 5.065700, 4.965200, 4.973400, 5.056100, 4.972100, 4.965000, 4.967600, 4.973800, 4.973800, 4.963500, 4.967400, 4.967100
4.604900, 5.076400, 5.083100, 4.973700, 4.984000, 5.070700, 4.983900, 4.985100, 4.977800, 4.978400, 4.982400, 4.981900, 4.976800, 4.988500
4.619100, 5.090300, 5.097800, 4.987900, 4.996800, 5.100800, 4.994100, 4.990400, 4.995600, 4.994500, 5.004700, 4.996700, 5.003100, 5.006600
4.627700, 5.102400, 5.111900, 5.002900, 5.009400, 5.116300, 5.009600, 5.003200, 5.012100, 4.998800, 5.010500, 5.005100, 5.005400, 5.016000
4.905500, 5.119300, 5.128600, 5.013800, 5.020600, 5.127400, 5.019100, 5.018800, 5.025300, 5.015400, 5.022000, 5.012500, 5.028200, 5.020700
4.913500, 5.130900, 5.133700, 5.025300, 5.027600, 5.131000, 5.024800, 5.025700, 5.034400, 5.023000, 5.035200, 5.032900, 5.040800, 5.030100
4.922800, 5.136700, 5.145300, 5.042100, 5.043100, 5.151300, 5.044100, 5.049400, 5.044100, 5.076200, 5.075900, 5.049300, 5.078400, 5.071000
5.340400, 5.153500, 5.158400, 5.053800, 5.056500, 5.155000, 5.055900, 5.054500, 5.057500, 5.094800, 5.088200, 5.058200, 5.094000, 5.092800
5.354500, 5.166000, 5.175100, 5.070600, 5.068600, 5.174200, 5.058700, 5.071000, 5.066600, 5.112100, 5.099300, 5.064300, 5.113200, 5.106600
5.367100, 5.172400, 5.181500, 5.078700, 5.078800, 5.181100, 5.077800, 5.083400, 5.076900, 5.123900, 5.103900, 5.077200, 5.124000, 5.115500
5.376200, 5.198000, 5.190200, 5.090300, 5.092700, 5.189100, 5.093800, 5.097300, 5.100600, 5.139400, 5.128500, 5.085600, 5.131400, 5.138300
5.398400, 5.204200, 5.208200, 5.111600, 5.114800, 5.199200, 5.110000, 5.107800, 5.105300, 5.142100, 5.135100, 5.098800, 5.154900, 5.146700
5.401600, 5.234900, 5.216800, 5.180900, 5.162500, 5.213800, 5.177400, 5.166200, 5.181400, 5.163800, 5.157900, 5.182300, 5.161100, 5.161800
5.407600, 5.306800, 5.300600, 5.197800, 5.223300, 5.291200, 5.196800, 5.208000, 5.200800, 5.184800, 5.168200, 5.207900, 5.171800, 5.172700
5.420000, 5.313500, 5.309100, 5.320800, 5.312700, 5.314500, 5.316700, 5.300300, 5.316700, 5.195200, 5.190900, 5.306000, 5.196900, 5.189000
5.426400, 5.322300, 5.314300, 5.325500, 5.331800, 5.329400, 5.333800, 5.321500, 5.328400, 5.208000, 5.202100, 5.327600, 5.219100, 5.199000
5.433800, 5.340300, 5.330700, 5.346100, 5.349800, 5.340100, 5.344700, 5.346000, 5.356400, 5.223300, 5.220200, 5.342700, 5.226700, 5.226200
5.455800, 5.353500, 5.346700, 5.370600, 5.366200, 5.350500, 5.373300, 5.374800, 5.361900, 5.230500, 5.244500, 5.365700, 5.245000, 5.244400
5.463500, 5.361300, 5.356800, 5.397200, 5.393200, 5.364500, 5.397300, 5.396100, 5.391100, 5.256000, 5.259800, 5.390500, 5.247900, 5.251100
5.799500, 5.369700, 5.369700, 5.409100, 5.406000, 5.372300, 5.407200, 5.405200, 5.411100, 5.270500, 5.274600, 5.411700, 5.258700, 5.260200
5.822400, 5.386700, 5.394100, 5.411300, 5.436000, 5.384500, 5.424800, 5.436800, 5.420400, 5.283200, 5.288100, 5.429400, 5.273800, 5.274800
5.831400, 5.427000, 5.410500, 5.480700, 5.478200, 5.430600, 5.476700, 5.473900, 5.475800, 5.297700, 5.306000, 5.461100, 5.294900, 5.292800
5.843700, 5.436800, 5.437500, 5.497800, 5.499900, 5.437100, 5.500200, 5.487500, 5.508800, 5.319200, 5.316900, 5.513300, 5.319400, 5.310000
5.855500, 5.451200, 5.442700, 5.558100, 5.537900, 5.448700, 5.553600, 5.540700, 5.553200, 5.321800, 5.335900, 5.546800, 5.328800, 5.330300
5.871700, 5.463900, 5.458400, 5.566900, 5.562100, 5.459800, 5.570800, 5.571000, 5.560300, 5.440000, 5.437000, 5.566100, 5.420800, 5.437800
5.879200, 5.479300, 5.465500, 5.581100, 5.583800, 5.475700, 5.577000, 5.580600, 5.579400, 5.452800, 5.449600, 5.584700, 5.448900, 5.444200
5.895200, 5.484500, 5.477300, 5.598000, 5.603700, 5.479400, 5.595200, 5.593500, 5.585600, 5.478000, 5.472600, 5.600600, 5.480800, 5.485300
5.899000, 5.491300, 5.488100, 5.636900, 5.622700, 5.486100, 5.620300, 5.626400, 5.625900, 5.489600, 5.497900, 5.632400, 5.485100, 5.496200
5.905000, 5.502400, 5.494100, 5.640400, 5.640700, 5.493800, 5.637200, 5.640400, 5.641000, 5.515200, 5.516300, 5.638400, 5.505800, 5.513300
5.913800, 5.512100, 5.509500, 5.657000, 5.659000, 5.507500, 5.661100, 5.651000, 5.652300, 5.529800, 5.532100, 5.656100, 5.532000, 5.527600
5.927000, 5.520400, 5.526700, 5.663500, 5.674600, 5.519200, 5.678600, 5.672300, 5.662400, 5.551000, 5.556800, 5.671000, 5.540400, 5.540000
5.934900, 5.524600, 5.529200, 5.681700, 5.683800, 5.526000, 5.686100, 5.694300, 5.686500, 5.560300, 5.568800, 5.693000, 5.552500, 5.566800
5.942000, 5.538300, 5.541700, 5.702400, 5.715200, 5.537200, 5.702100, 5.709300, 5.698800, 5.583100, 5.579700, 5.696700, 5.575200, 5.576500
5.947300, 5.547600, 5.552200, 5.721000, 5.725300, 5.550000, 5.724100, 5.722100, 5.715400, 5.600600, 5.595800, 5.717500, 5.601800, 5.597100
5.955900, 5.559900, 5.571100, 5.728400, 5.732800, 5.570000, 5.728800, 5.733500, 5.741400, 5.610400, 5.618800, 5.733500, 5.610100, 5.618600
5.964600, 5.573700, 5.581300, 5.755700, 5.748300, 5.581400, 5.753800, 5.755900, 5.752900, 5.637300, 5.625700, 5.745600, 5.631200, 5.640800
5.970600, 5.578600, 5.601600, 5.765500, 5.762000, 5.602300, 5.759900, 5.760800, 5.764600, 5.658200, 5.645000, 5.758800, 5.648900, 5.663100
5.976100, 5.631100, 5.634500, 5.771600, 5.771400, 5.634000, 5.767800, 5.772500, 5.772500, 5.660300, 5.673500, 5.771700, 5.675800, 5.673300
5.976800, 5.653800, 5.658200, 5.785200, 5.778300, 5.648200, 5.778300, 5.783300, 5.781300, 5.682700, 5.682700, 5.779100, 5.683400, 5.687900
5.985000, 5.666800, 5.671100, 5.796800, 5.791100, 5.667600, 5.789200, 5.797000, 5.799100, 5.695600, 5.709900, 5.798500, 5.728100, 5.707600
5.993100, 5.700400, 5.694200, 5.806900, 5.806800, 5.697800, 5.799900, 5.808700, 5.816200, 5.773800, 5.765500, 5.829700, 5.773500, 5.776200
6.000000, 5.812900, 5.819400, 5.853600, 5.837800, 5.818800, 5.849600, 5.850300, 5.857600, 5.786400, 5.787800, 5.859100, 5.781000, 5.789600
6.006700, 5.843000, 5.833400, 5.894000, 5.873500, 5.841400, 5.864800, 5.872000, 5.860500, 5.794900, 5.792500, 5.877100, 5.806200, 5.802000
6.014700, 5.982000, 5.985000, 5.897600, 5.896400, 5.979000, 5.897500, 5.881400, 5.886800, 5.830100, 5.820700, 5.883400, 5.827800, 5.825900
6.021400, 5.998100, 6.006000, 5.914800, 5.922300, 5.998300, 5.922000, 5.926200, 5.926100, 5.843500, 5.847900, 5.918000, 5.840300, 5.835500
6.024000, 6.011700, 6.014200, 5.931100, 5.937200, 6.011900, 5.938900, 5.939300, 5.946400, 5.866500, 5.864800, 5.937600, 5.860200, 5.858600
6.030700, 6.031700, 6.025900, 5.954000, 5.957200, 6.024700, 5.954300, 5.954000, 5.959000, 5.889400, 5.889400, 5.984300, 5.886100, 5.878500
6.036800, 6.042400, 6.044400, 5.985000, 5.985000, 6.033200, 5.980100, 5.991500, 5.989700, 5.894900, 5.894000, 5.996200, 5.895800, 5.890700
6.046300, 6.065700, 6.054300, 6.000700, 6.003700, 6.050100, 5.989400, 6.001100, 6.006200, 5.905000, 5.911200, 6.002000, 5.913100, 5.904400
6.068500, 6.073000, 6.066700, 6.026600, 6.021900, 6.070500, 6.016800, 6.020800, 6.020800, 5.919300, 5.915100, 6.015500, 5.915900, 5.914700
6.069100, 6.092600, 6.087500, 6.032500, 6.034400, 6.087700, 6.028200, 6.027400, 6.031400, 5.931800, 5.923500, 6.022800, 5.931400, 5.930300
6.082200, 6.102500, 6.095500, 6.042100, 6.046100, 6.101700, 6.059900, 6.045800, 6.041400, 5.943900, 5.940500, 6.049000, 5.946700, 5.936500
6.089900, 6.123900, 6.122100, 6.061000, 6.060700, 6.124500, 6.069600, 6.051000, 6.058700, 5.956600, 5.953800, 6.067900, 5.962000, 5.958100
6.091500, 6.137200, 6.147800, 6.075600, 6.071100, 6.145500, 6.085800, 6.081000, 6.082600, 5.976600, 5.969000, 6.081600, 5.975500, 5.975200
6.114100, 6.163300, 6.181400, 6.093600, 6.095100, 6.171100, 6.092000, 6.092100, 6.099200, 5.992100, 5.989900, 6.093400, 5.988000, 5.988400
6.178000, 6.219000, 6.213700, 6.104600, 6.110100, 6.222100, 6.105300, 6.112800, 6.105100, 6.006200, 6.002700, 6.100500, 5.993400, 6.000000
6.189900, 6.241500, 6.222700, 6.114800, 6.123200, 6.236600, 6.131600, 6.126600, 6.122200, 6.012600, 6.014900, 6.121100, 6.001700, 6.018700
6.197100, 6.278300, 6.284300, 6.147000, 6.134600, 6.267300, 6.144100, 6.136600, 6.139600, 6.020500, 6.024100, 6.140600, 6.023000, 6.026700
6.337400, 6.295400, 6.317400, 6.159900, 6.164400, 6.300100, 6.172600, 6.168300, 6.157300, 6.029900, 6.030700, 6.152700, 6.032400, 6.036300
6.375200, 6.311600, 6.331100, 6.244100, 6.208800, 6.327000, 6.229700, 6.223000, 6.233100, 6.047300, 6.050700, 6.232300, 6.050100, 6.053600
6.384900, 6.331600, 6.338400, 6.251200, 6.245100, 6.336100, 6.246800, 6.258800, 6.259000, 6.055700, 6.071800, 6.245300, 6.074900, 6.062500
6.403400, 6.348500, 6.352900, 6.256100, 6.255100, 6.352100, 6.258400, 6.259700, 6.266200, 6.385400, 6.380800, 6.260700, 6.372900, 6.380600
6.415400, 6.370200, 6.367900, 6.274800, 6.278000, 6.368800, 6.269600, 6.277000, 6.285800, 6.403900, 6.401900, 6.275200, 6.396700, 6.398200
6.427800, 6.412400, 6.405200, 6.282300, 6.294300, 6.410700, 6.292000, 6.288800, 6.288400, 6.415000, 6.417700, 6.293900, 6.421800, 6.412200
6.440500, 6.428700, 6.431800, 6.285900, 6.304700, 6.422600, 6.302400, 6.312300, 6.296000, 6.431900, 6.432500, 6.307300, 6.438100, 6.424300
6.460600, 6.512200, 6.510900, 6.305100, 6.317800, 6.516300, 6.316200, 6.316800, 6.314900, 6.450600, 6.458700, 6.315400, 6.465000, 6.459500
6.471300, 6.523600, 6.527300, 6.330600, 6.337500, 6.532000, 6.334400, 6.343400, 6.333900, 6.458900, 6.462700, 6.336400, 6.470400, 6.473600
6.486400, 6.546200, 6.540500, 6.358000, 6.352600, 6.543500, 6.350900, 6.354500, 6.350300, 6.511500, 6.506100, 6.353400, 6.495100, 6.506300
6.508600, 6.558700, 6.548400, 6.369700, 6.366500, 6.562100, 6.375000, 6.363900, 6.370800, 6.518600, 6.517300, 6.365000, 6.518000, 6.523100
6.527500, 6.595100, 6.581000, 6.377500, 6.371800, 6.570800, 6.385700, 6.390600, 6.379600, 6.532200, 6.528400, 6.376900, 6.527700, 6.532300
6.644500, 6.620100, 6.613800, 6.400600, 6.391300, 6.616500, 6.396800, 6.398200, 6.397700, 6.609200, 6.592300, 6.391800, 6.593800, 6.592500
6.660300, 6.630600, 6.617700, 6.408100, 6.409500, 6.628000, 6.401900, 6.407600, 6.408100, 6.615700, 6.607200, 6.404100, 6.612700, 6.606100
6.661700, 6.645400, 6.642300, 6.419300, 6.414700, 6.638900, 6.426800, 6.425200, 6.420000, 6.633000, 6.622100, 6.410200, 6.628700, 6.625800
6.668000, 6.655600, 6.656200, 6.434000, 6.438800, 6.648300, 6.433500, 6.439000, 6.436700, 6.641100, 6.633000, 6.424500, 6.638700, 6.630200
6.684100, 6.667300, 6.664300, 6.447000, 6.454400, 6.659300, 6.448200, 6.449100, 6.448000, 6.649700, 6.644300, 6.439600, 6.648800, 6.644100
6.697500, 6.679700, 6.678500, 6.457100, 6.459700, 6.673900, 6.454800, 6.462900, 6.455300, 6.658100, 6.660400, 6.465800, 6.668400, 6.663600
6.703200, 6.688800, 6.683700, 6.462300, 6.471100, 6.688900, 6.461000, 6.468700, 6.474600, 6.673900, 6.670800, 6.475100, 6.679100, 6.674600
6.713300, 6.693200, 6.693900, 6.480500, 6.479500, 6.695000, 6.477500, 6.475900, 6.483500, 6.679900, 6.685100, 6.482100, 6.691800, 6.690400
6.719500, 6.713900, 6.702400, 6.499800, 6.486700, 6.703800, 6.492000, 6.487700, 6.493000, 6.694900, 6.701900, 6.492600, 6.695300, 6.694300
6.729700, 6.717400, 6.711800, 6.504800, 6.502000, 6.709800, 6.497900, 6.496300, 6.504100, 6.708000, 6.716700, 6.510900, 6.705700, 6.712600
6.738300, 6.719900, 6.727500, 6.514500, 6.511900, 6.722200, 6.507500, 6.513500, 6.511900, 6.717100, 6.729900, 6.512200, 6.718300, 6.720500
6.757400, 6.736600, 6.732200, 6.547700, 6.540800, 6.731700, 6.535100, 6.523100, 6.539300, 6.732900, 6.748200, 6.527300, 6.742400, 6.745800
6.843400, 6.744900, 6.738000, 6.570700, 6.558000, 6.740500, 6.558200, 6.555600, 6.565200, 6.811300, 6.798100, 6.560400, 6.789500, 6.801100
6.872900, 6.751700, 6.749200, 6.574900, 6.571900, 6.748600, 6.567300, 6.574000, 6.577000, 6.818800, 6.811700, 6.582200, 6.820000, 6.815300
6.881100, 6.756900, 6.755900, 6.595200, 6.604300, 6.758100, 6.596200, 6.582900, 6.588000, 6.835100, 6.838100, 6.603100, 6.841100, 6.826100
6.896300, 6.763200, 6.758100, 6.599800, 6.614100, 6.761600, 6.617200, 6.600300, 6.599700, 6.846400, 6.848700, 6.612200, 6.850800, 6.851000
6.911200, 6.766600, 6.772500, 6.658800, 6.653500, 6.771300, 6.662100, 6.655500, 6.639700, 6.849700, 6.855400, 6.648700, 6.863400, 6.872900
6.916600, 6.778000, 6.782400, 6.670600, 6.665600, 6.787800, 6.669400, 6.672300, 6.668000, 6.876800, 6.870000, 6.674000, 6.870200, 6.879400
6.927800, 6.784700, 6.792400, 6.701700, 6.694700, 6.798000, 6.684400, 6.695900, 6.699500, 6.903600, 6.893200, 6.689200, 6.895600, 6.903300
6.938300, 6.791600, 6.802600, 6.761200, 6.769400, 6.798900, 6.763500, 6.762800, 6.748100, 6.922100, 6.917400, 6.749200, 6.906900, 6.917600
6.950600, 6.796600, 6.811000, 6.829100, 6.846600, 6.811700, 6.832700, 6.836300, 6.831800, 6.940500, 6.933400, 6.838900, 6.927100, 6.935400
6.959900, 6.813300, 6.817700, 6.867200, 6.870400, 6.818500, 6.871600, 6.865200, 6.858000, 6.945300, 6.953900, 6.851200, 6.950600, 6.948500
6.969000, 6.827800, 6.832500, 6.962800, 6.955300, 6.838000, 6.969500, 6.960500, 6.979300, 6.956500, 6.962000, 6.969800, 6.960100, 6.956700
6.973100, 6.845700, 6.856700, 6.987200, 6.973100, 6.847700, 6.984900, 6.981700, 6.985500, 6.968500, 6.978700, 6.982100, 6.967300, 6.969800
6.980800, 6.853600, 6.863500, 6.993000, 7.005600, 6.862500, 6.994400, 6.999600, 6.995900, 6.983100, 6.982900, 7.002900, 6.986800, 6.982000
6.989700, 6.874800, 6.876600, 7.014700, 7.029000, 6.885800, 7.010900, 7.012100, 7.006000, 6.991600, 7.008000, 7.013100, 7.006000, 6.997500
6.993800, 6.896900, 6.898300, 7.051000, 7.045500, 6.889000, 7.029000, 7.049400, 7.031000, 7.010900, 7.018200, 7.028800, 7.024800, 7.031500
7.003200, 6.901600, 6.911400, 7.065700, 7.055600, 6.899300, 7.052500, 7.056000, 7.051800, 7.087000, 7.095000, 7.049200, 7.072300, 7.081100
7.006900, 6.919800, 6.927900, 7.071700, 7.075000, 6.912700, 7.063600, 7.076700, 7.085000, 7.095700, 7.098700, 7.077000, 7.099600, 7.090800
7.021100, 6.934400, 6.935600, 7.083400, 7.086400, 6.928500, 7.088600, 7.093700, 7.093700, 7.108700, 7.124900, 7.090000, 7.110600, 7.120600
7.024500, 6.948800, 6.953200, 7.107300, 7.104100, 6.958400, 7.115000, 7.104900, 7.109400, 7.142600, 7.139400, 7.106100, 7.136900, 7.125200
7.031100, 7.002100, 6.987000, 7.122100, 7.121900, 7.002500, 7.128300, 7.122400, 7.118700, 7.151600, 7.157700, 7.131700, 7.149800, 7.145200
7.036900, 7.034800, 7.006700, 7.137800, 7.143500, 7.025600, 7.145200, 7.136600, 7.140100, 7.161100, 7.173100, 7.139900, 7.162800, 7.162700
7.044700, 7.037200, 7.036800, 7.150000, 7.151700, 7.058200, 7.148400, 7.139800, 7.149000, 7.188700, 7.181500, 7.152600, 7.168000, 7.170500
7.057300, 7.056500, 7.061300, 7.159300, 7.161400, 7.062300, 7.169300, 7.156400, 7.162700, 7.194100, 7.191300, 7.161300, 7.185000, 7.189600
7.067700, 7.074600, 7.078200, 7.183500, 7.175600, 7.076200, 7.182500, 7.171300, 7.176800, 7.206800, 7.204800, 7.180500, 7.214500, 7.214000
7.069400, 7.087700, 7.096600, 7.190200, 7.213700, 7.082200, 7.206000, 7.200800, 7.213100, 7.220800, 7.214000, 7.213800, 7.222400, 7.228700
7.074300, 7.099300, 7.101200, 7.216600, 7.219800, 7.099700, 7.228600, 7.221700, 7.232200, 7.230100, 7.219900, 7.233300, 7.239600, 7.237300
7.083000, 7.119500, 7.118900, 7.247000, 7.247900, 7.115400, 7.251100, 7.244700, 7.256000, 7.241600, 7.251100, 7.245900, 7.253300, 7.247600
7.090300, 7.137400, 7.130500, 7.283200, 7.281300, 7.135400, 7.276000, 7.287700, 7.280800, 7.275500, 7.275200, 7.288400, 7.278400, 7.265000
7.100200, 7.142700, 7.148800, 7.347800, 7.362000, 7.147300, 7.356000, 7.351300, 7.368300, 7.298500, 7.286900, 7.355200, 7.297800, 7.301500
7.107800, 7.183000, 7.176100, 7.373400, 7.383000, 7.178800, 7.378000, 7.370300, 7.380000, 7.306900, 7.327600, 7.363800, 7.314400, 7.329400
7.115600, 7.206100, 7.198900, 7.406400, 7.397600, 7.189200, 7.390100, 7.407400, 7.403000, 7.380400, 7.376000, 7.404300, 7.377500, 7.386600
7.121700, 7.222300, 7.210900, 7.415600, 7.411600, 7.215100, 7.419800, 7.428700, 7.415700, 7.392800, 7.390500, 7.412100, 7.400000, 7.401800
7.132100, 7.232400, 7.230800, 7.431200, 7.423000, 7.247600, 7.436400, 7.438400, 7.428700, 7.401000, 7.403400, 7.431900, 7.410100, 7.408500
7.136500, 7.255100, 7.269000, 7.443200, 7.431500, 7.256700, 7.445900, 7.457200, 7.446100, 7.426900, 7.419300, 7.451600, 7.423800, 7.421900
7.157400, 7.429000, 7.428600, 7.454600, 7.464000, 7.431400, 7.461500, 7.463900, 7.461300, 7.437300, 7.435300, 7.453500, 7.432300, 7.434200
7.160700, 7.437500, 7.441500, 7.474700, 7.483100, 7.441700, 7.480000, 7.480200, 7.466600, 7.445700, 7.444500, 7.476100, 7.445100, 7.442300
7.287700, 7.456500, 7.461300, 7.495900, 7.486300, 7.451400, 7.492900, 7.490800, 7.490900, 7.457900, 7.455800, 7.488100, 7.458800, 7.458100
7.294100, 7.473800, 7.469800, 7.511000, 7.505900, 7.468600, 7.506400, 7.514200, 7.501000, 7.474300, 7.463600, 7.507200, 7.469300, 7.463800
7.303300, 7.539800, 7.551700, 7.531700, 7.515100, 7.549300, 7.543200, 7.522000, 7.527300, 7.484100, 7.471300, 7.531500, 7.493900, 7.480700
7.327800, 7.561200, 7.560500, 7.543100, 7.548400, 7.557900, 7.554000, 7.537200, 7.543400, 7.520400, 7.521600, 7.545000, 7.516200, 7.509800
7.329400, 7.589900, 7.580000, 7.562800, 7.562600, 7.581900, 7.570700, 7.568900, 7.555000, 7.531800, 7.534800, 7.553800, 7.546700, 7.530700
7.344500, 7.598000, 7.593100, 7.577200, 7.575000, 7.588200, 7.575000, 7.574900, 7.563400, 7.550800, 7.551800, 7.577500, 7.552700, 7.550000
7.347700, 7.613700, 7.596700, 7.580500, 7.591900, 7.605100, 7.586300, 7.586800, 7.581000, 7.566800, 7.571200, 7.593800, 7.566700, 7.558000
7.350200, 7.621300, 7.611700, 7.602800, 7.600300, 7.615700, 7.596700, 7.607000, 7.607000, 7.580100, 7.585700, 7.599200, 7.576300, 7.571700
7.354800, 7.626000, 7.616700, 7.611000, 7.621900, 7.628500, 7.613300, 7.624400, 7.628400, 7.587100, 7.596100, 7.616800, 7.592700, 7.590400
7.361900, 7.631100, 7.631300, 7.642500, 7.651500, 7.636600, 7.629500, 7.633900, 7.635400, 7.608800, 7.617500, 7.658900, 7.601800, 7.602700
7.380100, 7.639500, 7.640200, 7.669100, 7.685300, 7.647700, 7.681600, 7.681800, 7.677200, 7.624300, 7.625100, 7.675700, 7.628100, 7.620700
7.395800, 7.648700, 7.650300, 7.698400, 7.705100, 7.655000, 7.701500, 7.695600, 7.693400, 7.650800, 7.646100, 7.693600, 7.646000, 7.640500
7.401000, 7.657100, 7.660100, 7.711900, 7.712000, 7.659300, 7.711200, 7.706500, 7.700000, 7.695300, 7.693400, 7.713800, 7.686200, 7.705000
7.420300, 7.665600, 7.667100, 7.723000, 7.724900, 7.666200, 7.724500, 7.727600, 7.713900, 7.710700, 7.714100, 7.729900, 7.708700, 7.720700
7.436100, 7.672600, 7.668800, 7.734700, 7.731500, 7.675100, 7.738000, 7.749700, 7.736100, 7.752100, 7.734900, 7.735700, 7.734100, 7.755100
7.443100, 7.684500, 7.685700, 7.746600, 7.749600, 7.681500, 7.758000, 7.757600, 7.747600, 7.763900, 7.750900, 7.754300, 7.757100, 7.771500
7.452700, 7.694400, 7.692700, 7.767600, 7.766500, 7.698800, 7.768400, 7.765500, 7.768800, 7.780300, 7.785700, 7.762100, 7.784900, 7.782900
7.467800, 7.698300, 7.702200, 7.778500, 7.778800, 7.701000, 7.780100, 7.773900, 7.785500, 7.795400, 7.803600, 7.774000, 7.791000, 7.792800
7.473900, 7.712100, 7.714200, 7.793400, 7.786600, 7.706700, 7.798000, 7.792000, 7.792800, 7.821900, 7.807100, 7.786700, 7.818200, 7.809600
7.490300, 7.719900, 7.724700, 7.814100, 7.805500, 7.720700, 7.813400, 7.803300, 7.804200, 7.827700, 7.824800, 7.808900, 7.822700, 7.825000
7.497300, 7.731300, 7.731300, 7.824400, 7.818800, 7.732300, 7.821300, 7.822100, 7.813900, 7.837700, 7.837500, 7.813600, 7.838600, 7.841500
7.501300, 7.743500, 7.751200, 7.840200, 7.826400, 7.737600, 7.830100, 7.834800, 7.823900, 7.844700, 7.849800, 7.828700, 7.846200, 7.855000
7.507200, 7.750000, 7.754900, 7.844600, 7.841200, 7.750500, 7.843000, 7.841100, 7.839300, 7.851600, 7.858100, 7.843200, 7.869200, 7.859600
7.517700, 7.764000, 7.765000, 7.857400, 7.851300, 7.764500, 7.847600, 7.856300, 7.855200, 7.878000, 7.867500, 7.859300, 7.891200, 7.868100
7.523500, 7.771800, 7.777300, 7.868900, 7.864100, 7.788200, 7.862500, 7.862600, 7.867900, 7.924300, 7.934700, 7.864200, 7.933800, 7.939400
7.537300, 7.787600, 7.792800, 7.878600, 7.872500, 7.791200, 7.865200, 7.874200, 7.877000, 7.970300, 7.960300, 7.873000, 7.953400, 7.955500
7.548700, 7.880000, 7.871600, 7.889300, 7.890800, 7.846700, 7.885000, 7.891700, 7.891600, 7.991000, 7.982500, 7.882300, 7.991600, 7.997600
7.554500, 7.891300, 7.882900, 7.906500, 7.907600, 7.882900, 7.891200, 7.894600, 7.912100, 8.015300, 8.019900, 7.902500, 8.009100, 8.018100
7.571900, 7.910200, 7.904200, 7.925700, 7.918000, 7.913100, 7.919500, 7.919500, 7.933500, 8.028400, 8.022500, 7.920600, 8.023500, 8.026500
7.577100, 7.933700, 7.928200, 7.948900, 7.928400, 7.936600, 7.942900, 7.935300, 7.947900, 8.048800, 8.045700, 7.946100, 8.050700, 8.046900
7.579600, 7.972800, 7.965800, 7.967300, 7.970000, 7.971900, 7.961400, 7.959000, 7.960200, 8.060700, 8.060500, 7.965800, 8.063200, 8.068300
7.594300, 7.977400, 7.986300, 7.986200, 7.992700, 7.981400, 7.973800, 7.982200, 7.978000, 8.075100, 8.077500, 7.980300, 8.072800, 8.071800
7.612200, 7.991000, 7.993600, 8.005300, 8.016000, 7.985300, 7.996000, 8.003700, 7.993600, 8.079500, 8.085800, 8.003300, 8.084300, 8.083100
7.624900, 8.004200, 8.008100, 8.048100, 8.029900, 8.007100, 8.035600, 8.024500, 8.039200, 8.086000, 8.104200, 8.025400, 8.089600, 8.092600
7.640800, 8.051400, 8.051600, 8.055200, 8.045400, 8.066700, 8.057600, 8.041900, 8.051600, 8.104100, 8.114200, 8.036800, 8.117800, 8.100100
7.654200, 8.071900, 8.074600, 8.061000, 8.064000, 8.085300, 8.070400, 8.064800, 8.061400, 8.120800, 8.133200, 8.064700, 8.129500, 8.120300
7.896700, 8.090900, 8.086700, 8.070300, 8.082600, 8.099000, 8.077000, 8.080400, 8.085700, 8.203100, 8.183300, 8.079900, 8.193300, 8.204700
7.933200, 8.106300, 8.112800, 8.085600, 8.091000, 8.109600, 8.087800, 8.097300, 8.104900, 8.217000, 8.219700, 8.099200, 8.208300, 8.215700
7.942000, 8.120400, 8.120100, 8.102000, 8.114800, 8.123800, 8.124100, 8.120900, 8.122100, 8.231700, 8.225200, 8.134100, 8.222600, 8.230500
7.961500, 8.140700, 8.142600, 8.152100, 8.144300, 8.141500, 8.148000, 8.152300, 8.152900, 8.243100, 8.239800, 8.149100, 8.235100, 8.246900
7.997200, 8.156300, 8.146500, 8.265200, 8.237500, 8.155900, 8.264900, 8.256500, 8.266300, 8.257600, 8.264700, 8.268500, 8.256800, 8.252700
8.029600, 8.166400, 8.164300, 8.275600, 8.283300, 8.171500, 8.285600, 8.291400, 8.286300, 8.262100, 8.278500, 8.274800, 8.278100, 8.275800
8.520200, 8.182200, 8.190900, 8.302500, 8.314500, 8.186200, 8.295200, 8.308900, 8.302700, 8.293100, 8.287400, 8.296100, 8.293800, 8.281900
8.534000, 8.196200, 8.196600, 8.325700, 8.334900, 8.196800, 8.323700, 8.324100, 8.314800, 8.315000, 8.304700, 8.333300, 8.310000, 8.309000
8.549700, 8.202700, 8.209400, 8.374400, 8.364000, 8.201200, 8.350200, 8.365800, 8.365700, 8.331100, 8.325400, 8.357500, 8.326300, 8.327100
8.553500, 8.214900, 8.223600, 8.381000, 8.381800, 8.209800, 8.384200, 8.383400, 8.377800, 8.339100, 8.332700, 8.369000, 8.337600, 8.338200
8.564100, 8.227500, 8.227900, 8.392300, 8.398700, 8.225400, 8.396500, 8.394500, 8.387900, 8.348700, 8.342600, 8.390800, 8.353900, 8.355900
8.572100, 8.236200, 8.234600, 8.400500, 8.415900, 8.229200, 8.400000, 8.413800, 8.403400, 8.359600, 8.355200, 8.397600, 8.362500, 8.357000
8.573900, 8.244700, 8.241800, 8.446500, 8.453200, 8.240400, 8.457600, 8.440400, 8.456700, 8.374900, 8.369500, 8.447400, 8.368100, 8.366000
8.585100, 8.255600, 8.252300, 8.480300, 8.468900, 8.251100, 8.476200, 8.466600, 8.478500, 8.379700, 8.376700, 8.482100, 8.380800, 8.376200
8.588200, 8.257900, 8.260600, 8.491500, 8.493900, 8.267100, 8.501900, 8.499000, 8.513600, 8.386900, 8.388700, 8.507800, 8.387700, 8.380800
8.590000, 8.272900, 8.265400, 8.517300, 8.513500, 8.272000, 8.517900, 8.519500, 8.535300, 8.395500, 8.405800, 8.526800, 8.406600, 8.394900
8.599800, 8.285700, 8.277700, 8.538100, 8.539800, 8.283800, 8.532000, 8.539000, 8.548300, 8.405700, 8.414200, 8.537800, 8.409800, 8.414100
8.614200, 8.288700, 8.288000, 8.549000, 8.549100, 8.291600, 8.553700, 8.550400, 8.560000, 8.423400, 8.429600, 8.564400, 8.425700, 8.432700
8.621900, 8.296600, 8.301600, 8.596300, 8.583300, 8.297100, 8.583300, 8.578000, 8.583300, 8.440800, 8.436700, 8.585900, 8.449900, 8.456500
8.623800, 8.311500, 8.317700, 8.602600, 8.606100, 8.307300, 8.609700, 8.600700, 8.594600, 8.571500, 8.548600, 8.602100, 8.547800, 8.561400
8.628200, 8.321600, 8.320000, 8.613800, 8.623300, 8.312600, 8.616700, 8.611200, 8.607300, 8.589200, 8.590100, 8.618000, 8.593900, 8.594600
8.629400, 8.330400, 8.334500, 8.629300, 8.632200, 8.331900, 8.633400, 8.627000, 8.626100, 8.604800, 8.607000, 8.626700, 8.605100, 8.604600
8.638000, 8.345900, 8.339300, 8.635200, 8.639200, 8.337900, 8.642300, 8.641500, 8.639200, 8.621800, 8.621000, 8.638200, 8.619100, 8.610400
8.646800, 8.353900, 8.354600, 8.651300, 8.661900, 8.366600, 8.663500, 8.651300, 8.647200, 8.633300, 8.637900, 8.644700, 8.636600, 8.632700
8.656700, 8.377500, 8.368400, 8.655800, 8.664400, 8.376800, 8.668200, 8.658100, 8.664600, 8.644600, 8.651000, 8.670300, 8.646900, 8.644800
8.664400, 8.389500, 8.392200, 8.674500, 8.675500, 8.386600, 8.674700, 8.674900, 8.672200, 8.655500, 8.657000, 8.674100, 8.655700, 8.651100
8.666700, 8.411800, 8.401700, 8.676800, 8.678800, 8.393500, 8.685700, 8.684000, 8.677300, 8.664300, 8.665800, 8.682400, 8.665300, 8.666500
8.672400, 8.428000, 8.424300, 8.692000, 8.697200, 8.434400, 8.693800, 8.694300, 8.692200, 8.683800, 8.674700, 8.698900, 8.669500, 8.674400
8.689600, 8.451000, 8.439100, 8.707100, 8.704400, 8.450600, 8.704600, 8.702800, 8.705200, 8.691300, 8.692900, 8.706100, 8.690500, 8.684600
8.701200, 8.463800, 8.473800, 8.715100, 8.714200, 8.470900, 8.712200, 8.715400, 8.714200, 8.694200, 8.700600, 8.717700, 8.698900, 8.697900
8.747200, 8.565900, 8.554200, 8.730600, 8.722300, 8.559000, 8.719400, 8.726800, 8.719000, 8.707500, 8.712800, 8.737800, 8.711900, 8.705100
8.773900, 8.579300, 8.580200, 8.740300, 8.733100, 8.575400, 8.737700, 8.744100, 8.749300, 8.719600, 8.720900, 8.746300, 8.719600, 8.715800
8.786900, 8.593500, 8.595200, 8.747400, 8.747100, 8.583300, 8.745200, 8.750000, 8.755700, 8.724900, 8.728000, 8.759100, 8.728900, 8.728300
8.792400, 8.607200, 8.606800, 8.760900, 8.754300, 8.599300, 8.759800, 8.764300, 8.765900, 8.738300, 8.731900, 8.765600, 8.735900, 8.735100
8.801400, 8.615700, 8.636200, 8.765500, 8.773400, 8.618400, 8.772400, 8.785900, 8.773100, 8.769700, 8.770000, 8.787800, 8.752100, 8.750500
8.812800, 8.641600, 8.643200, 8.792600, 8.792100, 8.650800, 8.783200, 8.787800, 8.801800, 8.776600, 8.781000, 8.799200, 8.766300, 8.774700
8.818300, 8.672900, 8.700900, 8.820000, 8.823200, 8.691500, 8.811300, 8.826400, 8.810700, 8.794300, 8.790200, 8.813100, 8.778300, 8.780900
8.829600, 8.766900, 8.750100, 8.836400, 8.832600, 8.756600, 8.830200, 8.840300, 8.831300, 8.800600, 8.802100, 8.839800, 8.798800, 8.794400
8.837300, 8.782600, 8.790400, 8.842800, 8.839300, 8.778600, 8.845700, 8.849700, 8.839200, 8.813200, 8.808800, 8.851100, 8.803400, 8.812700
8.838800, 8.805700, 8.817500, 8.858900, 8.854600, 8.791000, 8.864200, 8.857800, 8.851400, 8.820300, 8.819200, 8.862700, 8.816000, 8.826500
8.850200, 8.841000, 8.832400, 8.867300, 8.877800, 8.847100, 8.876200, 8.867400, 8.869100, 8.827900, 8.830500, 8.869300, 8.828400, 8.834500
8.853800, 9.055800, 9.030000, 8.892000, 8.889700, 9.041100, 8.884000, 8.886100, 8.881500, 8.854300, 8.849400, 8.883900, 8.846100, 8.848300
8.866000, 9.063300, 9.042900, 8.903500, 8.909700, 9.053800, 8.904400, 8.896100, 8.894600, 8.864300, 8.856900, 8.895400, 8.864700, 8.871500
8.868700, 9.078100, 9.083300, 8.913000, 8.919500, 9.068900, 8.920800, 8.913900, 8.916200, 8.881800, 8.872100, 8.910600, 8.885000, 8.873000
8.871100, 9.099100, 9.100300, 8.926100, 8.920800, 9.104100, 8.927300, 8.931400, 8.931400, 8.886100, 8.882600, 8.920100, 8.891100, 8.885200
8.880100, 9.123600, 9.136200, 8.950400, 8.955000, 9.131800, 8.953600, 8.955300, 8.940700, 8.901100, 8.897800, 8.938000, 8.907000, 8.898100
8.883200, 9.138600, 9.150200, 8.977100, 8.962400, 9.145600, 8.963200, 8.973700, 8.952700, 8.911700, 8.912500, 8.961300, 8.910700, 8.908700
8.895500, 9.153400, 9.181200, 8.988200, 8.979900, 9.178200, 8.973600, 8.986600, 8.968900, 8.915200, 8.924200, 8.978300, 8.930100, 8.917400
8.901000, 9.171900, 9.197800, 8.994800, 8.998100, 9.194300, 8.992000, 8.993400, 8.993700, 8.931100, 8.935800, 8.986500, 8.937400, 8.938100
8.906500, 9.204400, 9.212700, 9.005000, 9.005400, 9.215000, 9.008500, 9.014200, 9.014700, 8.957200, 8.949400, 8.996000, 8.947700, 8.942500
8.908600, 9.226900, 9.222100, 9.025200, 9.020400, 9.223800, 9.026500, 9.027800, 9.026800, 8.962800, 8.961900, 9.031000, 8.966800, 8.960700
8.918600, 9.240800, 9.235100, 9.053500, 9.038100, 9.236800, 9.041200, 9.039600, 9.046000, 8.967200, 8.971100, 9.038200, 8.970000, 8.984200
8.932900, 9.249600, 9.248500, 9.056900, 9.059700, 9.251400, 9.058700, 9.064900, 9.053400, 8.982100, 8.992200, 9.061600, 8.988000, 8.990700
8.940700, 9.260700, 9.257900, 9.070800, 9.069400, 9.257900, 9.065800, 9.075700, 9.072800, 8.991300, 9.000300, 9.072300, 9.001100, 9.002600
8.955600, 9.269100, 9.264900, 9.079100, 9.080100, 9.272800, 9.078600, 9.080500, 9.084500, 9.014600, 9.018800, 9.077800, 9.026600, 9.037000
8.959300, 9.277900, 9.279200, 9.092300, 9.102700, 9.280300, 9.095500, 9.089300, 9.100500, 9.078300, 9.062300, 9.093600, 9.069800, 9.060400
8.964300, 9.291000, 9.286400, 9.112400, 9.113600, 9.287900, 9.113600, 9.104900, 9.110600, 9.090700, 9.087100, 9.103600, 9.090700, 9.102600
8.973400, 9.301900, 9.297900, 9.132400, 9.135700, 9.302700, 9.132800, 9.131500, 9.151600, 9.117100, 9.121100, 9.124300, 9.127200, 9.119300
8.981200, 9.309600, 9.312100, 9.153000, 9.157900, 9.307600, 9.159100, 9.153500, 9.168600, 9.175900, 9.182700, 9.166900, 9.177400, 9.165600
8.992200, 9.325400, 9.325700, 9.185900, 9.174900, 9.313000, 9.169800, 9.175100, 9.180600, 9.193600, 9.200900, 9.174900, 9.195600, 9.200800
