-3.1909
-3.0130
-2.9968
-2.8187
-2.6436
-2.6153
-2.4744
-2.4542
-2.4344
-2.4100
-2.2943
-2.2650
-2.2449
-2.2134
-2.0772
-2.0444
-1.7520
-1.7309
-1.7259
-1.7005
-1.6721
-1.6495
-1.5498
-1.5275
-1.5094
-1.4998
-1.4671
-1.4538
-1.3228
-1.1755
-1.1540
-1.1419
-1.1111
-1.0096
-0.9875
-0.9484
-0.9352
-0.9129
-0.9000
-0.8185
-0.8043
-0.7849
-0.7695
-0.7504
-0.7334
-0.7146
-0.6937
-0.5743
-0.5517
-0.2652
-0.2475
-0.2277
-0.2225
-0.2107
-0.1899
-0.1724
-0.0654
-0.0565
-0.0484
-0.0212
 0.0068
 0.0182
 0.1308
 0.1538
 0.1751
 0.2007
 0.2940
 0.3110
 0.3322
 0.3488
 0.3632
 0.3765
 0.4563
 0.4802
 0.5023
 0.5159
 0.5345
 0.5535
 0.5697
 0.5932
 0.6679
 0.6823
 0.6933
 0.7053
 0.7274
 0.7497
 0.7588
 0.7767
 0.8621
 0.9043
 0.9114
 0.9400
 1.1939
 1.2119
 1.2230
 1.2337
 1.2498
 1.2647
 1.2837
 1.2883
 1.3007
 1.3188
 1.3827
 1.4030
 1.4358
 1.4434
 1.4482
 1.4673
 1.4883
 1.5150
 1.6154
 1.6421
 1.7603
 1.7738
 1.7832
 1.8042
 1.8213
 1.8320
 1.9277
 1.9389
 1.9548
 1.9629
 1.9835
 1.9946
 2.0081
 2.0193
 2.0287
 2.0380
 2.1042
 2.1262
 2.1360
 2.1556
 2.1666
 2.1749
 2.1915
 2.1986
 2.2059
 2.2276
 2.2363
 2.2652
 2.6252
 2.6471
 2.6668
 2.6763
 2.7006
 2.7103
 2.7227
 2.7321
 2.7389
 2.8068
 2.8257
 2.8418
 2.8571
 2.8619
 2.8738
 2.8883
 2.8946
 2.9045
 2.9137
 2.9269
 2.9370
 2.9496
 2.9598
 3.0298
 3.0510
 3.0623
 3.0853
 3.1026
 3.1222
 3.1957
 3.2184
 3.2292
 3.2447
 3.2639
 3.2850
 3.3268
 3.3478
 3.3817
 3.3899
 3.4117
 3.4256
 3.4330
 3.4408
 3.4461
 3.4737
 3.5331
 3.5477
 3.5623
 3.5815
 3.5885
 3.6022
 3.6199
 3.6306
 3.6364
 3.6638
 3.7058
 3.7102
 3.7812
 3.8047
 3.9057
 3.9130
 3.9987
 4.0133
 4.0293
 4.0538
 4.0676
 4.0956
 4.2035
 4.2270
 4.2366
 4.2451
 4.2582
 4.2744
 4.2813
 4.2931
 4.3023
 4.3141
 4.3258
 4.3331
 4.3416
 4.3636
 4.3808
 4.3909
 4.5069
 4.5669
 4.5856
 4.6057
 4.6217
 4.6356
 4.6432
 4.6635
 4.6748
 4.6943
 4.6957
 4.7087
 4.7214
 4.7377
 4.7603
 4.7695
 4.7792
 4.7995
 4.8347
 4.8642
 4.8694
 4.9247
 4.9420
 4.9515
 4.9721
 4.9839
 4.9941
 5.0096
 5.0191
 5.0248
 5.0441
 5.0559
 5.0587
 5.0778
 5.0938
 5.1100
 5.1774
 5.1968
 5.3167
 5.3338
 5.3447
 5.3733
 5.3973
 5.4072
 5.4248
 5.4767
 5.5002
 5.5536
 5.5708
 5.5770
 5.5952
 5.6203
 5.6372
 5.6611
 5.6786
 5.6861
 5.7021
 5.7241
 5.7288
 5.7538
 5.7599
 5.7678
 5.7783
 5.7892
 5.7999
 5.8496
 5.8648
 5.8975
 5.9220
 5.9389
 5.9543
 5.9801
 5.9894
 6.0168
 6.0282
 6.0599
 6.0696
 6.0858
 6.0920
 6.1053
 6.1316
 6.1441
 6.1726
 6.2297
 6.2468
 6.2584
 6.2696
 6.2920
 6.3024
 6.3162
 6.3344
 6.3509
 6.3750
 6.3857
 6.3968
 6.4019
 6.4268
 6.4335
 6.4482
 6.4548
 6.4610
 6.4775
 6.4920
 6.4979
 6.5075
 6.5351
 6.5582
 6.5673
 6.5962
 6.6172
 6.6621
 6.6694
 6.6844
 6.7635
 6.8327
 6.8716
 6.9695
 6.9849
 6.9944
 7.0109
 7.0290
 7.0525
 7.0636
 7.0886
 7.1150
 7.1283
 7.1452
 7.1484
 7.1693
 7.1825
 7.2060
 7.2286
 7.2511
 7.2760
 7.3560
 7.3780
 7.3901
 7.4198
 7.4364
 7.4459
 7.4615
 7.4800
 7.4929
 7.5064
 7.5432
 7.5540
 7.5707
 7.5750
 7.5863
 7.5967
 7.6133
 7.6295
 7.6816
 7.7015
 7.7112
 7.7245
 7.7380
 7.7580
 7.7684
 7.7801
 7.7980
 7.8134
 7.8213
 7.8301
 7.8430
 7.8476
 7.8625
 7.8652
 7.8850
 7.8912
 7.9195
 7.9429
 7.9614
 7.9738
 7.9960
 8.0356
 8.0576
 8.0704
 8.0770
 8.0878
 8.1241
 8.1480
 8.2649
 8.2856
 8.2952
 8.3237
 8.3502
 8.3842
 8.3965
 8.4000
 8.4576
 8.4762
 8.5019
 8.5179
 8.5320
 8.5537
 8.5833
 8.6097
 8.6167
 8.6334
 8.6423
 8.6635
 8.6682
 8.6747
 8.6857
 8.6938
 8.7046
 8.7122
 8.7194
 8.7377
 8.7452
 8.7598
 8.7724
 8.7832
 8.8113
 8.8302
 8.8457
 8.8642
 8.8762
 8.8840
 8.9044
 8.9208
 8.9273
 8.9536
 8.9632
 8.9736
 8.9920
 9.0085
 9.0265
 9.0412
 9.0587
 9.0658
 9.0786
 9.0955
 9.1136
 9.1328
 9.1591
 9.1698
