-3.1309
-2.9746
-2.9399
-2.9094
-2.7854
-2.7487
-2.7169
-2.5621
-2.2396
-2.2027
-2.1727
-2.0772
-2.0288
-2.0242
-1.9867
-1.9765
-1.9620
-1.8423
-1.8005
-1.7804
-1.6867
-1.6324
-1.6147
-1.5010
-1.4727
-1.4528
-1.4358
-1.4161
-1.3903
-1.3188
-1.2852
-1.2682
-1.2412
-1.2333
-1.1800
-1.0968
-1.0564
-1.0278
-0.7767
-0.7637
-0.7367
-0.7009
-0.6805
-0.6190
-0.5728
-0.5454
-0.5313
-0.4936
-0.4730
-0.4302
-0.3380
-0.2121
-0.1989
-0.1805
-0.1462
-0.1244
-0.1053
-0.0388
-0.0183
-0.0119
 0.0227
 0.0398
 0.0614
 0.0708
 0.0922
 0.1394
 0.1889
 0.1984
 0.2334
 0.2455
 0.2598
 0.2772
 0.6620
 0.6755
 0.6974
 0.7153
 0.7365
 0.7475
 0.7621
 0.7718
 0.7940
 0.8123
 0.8281
 0.8467
 0.8739
 0.8828
 0.9119
 0.9247
 0.9372
 0.9480
 0.9609
 0.9889
 1.0030
 1.0107
 1.0220
 1.0732
 1.1188
 1.1562
 1.1741
 1.2616
 1.2821
 1.3014
 1.3150
 1.3486
 1.3715
 1.3815
 1.4570
 1.4711
 1.5025
 1.5131
 1.5415
 1.5678
 1.6311
 1.6432
 1.6588
 1.6836
 1.6966
 1.6987
 1.7185
 1.7323
 1.7579
 1.8240
 1.8414
 1.8610
 1.8920
 1.9090
 1.9277
 2.1420
 2.1594
 2.1790
 2.1863
 2.1931
 2.2277
 2.2379
 2.2496
 2.2606
 2.2775
 2.3021
 2.3164
 2.3740
 2.3962
 2.4208
 2.4384
 2.4515
 2.4778
 2.5786
 2.5943
 2.6137
 2.7084
 2.7353
 2.7478
 2.7837
 2.7853
 2.8176
 2.8854
 2.9075
 2.9400
 2.9497
 2.9704
 2.9985
 3.0570
 3.0678
 3.0796
 3.0992
 3.1079
 3.1178
 3.1280
 3.1347
 3.1515
 3.1672
 3.1860
 3.2196
 3.2749
 3.2952
 3.3330
 3.5269
 3.5399
 3.5782
 3.6078
 3.6380
 3.6437
 3.6726
 3.6807
 3.7029
 3.7261
 3.7431
 3.7580
 3.7691
 3.7881
 3.8029
 3.8096
 3.8259
 3.8407
 3.8486
 3.8591
 3.8716
 3.8888
 3.9050
 3.9228
 3.9748
 3.9769
 4.0058
 4.0376
 4.0442
 4.0650
 4.1043
 4.1387
 4.1605
 4.1847
 4.2170
 4.2323
 4.2528
 4.2623
 4.2929
 4.3020
 4.3141
 4.3244
 4.3379
 4.3526
 4.3696
 4.3896
 4.3986
 4.4162
 4.4421
 4.4647
 4.4794
 4.4848
 4.5027
 4.5114
 4.5188
 4.5318
 4.5435
 4.5597
 4.5690
 4.5755
 4.5849
 4.6032
 4.6062
 4.6145
 4.6262
 4.6509
 4.6665
 4.6796
 4.6914
 4.8185
 4.8650
 4.8877
 4.9674
 4.9768
 5.0031
 5.0054
 5.0282
 5.0408
 5.0784
 5.0940
 5.1132
 5.1240
 5.1314
 5.1549
 5.1611
 5.1718
 5.1969
 5.2191
 5.2267
 5.2450
 5.2479
 5.2587
 5.2738
 5.2949
 5.3194
 5.3288
 5.4208
 5.4489
 5.4808
 5.4851
 5.5058
 5.5320
 5.5404
 5.5525
 5.5752
 5.6018
 5.6101
 5.6312
 5.6489
 5.6758
 5.6834
 5.7281
 5.7735
 5.7810
 5.8062
 5.8278
 5.8403
 5.8602
 5.8861
 5.8958
 5.9131
 5.9159
 5.9314
 5.9467
 5.9620
 5.9755
 5.9880
 5.9934
 6.0017
 6.0230
 6.0324
 6.0501
 6.0749
 6.3729
 6.3967
 6.4218
 6.4381
 6.4650
 6.4704
 6.4951
 6.5180
 6.5277
 6.5938
 6.6127
 6.6287
 6.6387
 6.6488
 6.6684
 6.6791
 6.6918
 6.6953
 6.7057
 6.7183
 6.7424
 6.7895
 6.8200
 6.8411
 6.8508
 6.8634
 6.8702
 6.8956
 6.9069
 6.9271
 6.9506
 6.9601
 6.9673
 6.9868
 7.0060
 7.0248
 7.0723
 7.0996
 7.1106
 7.1369
 7.1498
 7.1628
 7.1680
 7.1850
 7.2145
 7.2224
 7.2396
 7.2533
 7.2784
 7.2978
 7.3144
 7.3775
 7.4000
 7.4101
 7.4238
 7.4323
 7.4451
 7.4588
 7.4693
 7.4939
 7.5162
 7.5467
 7.5527
 7.5667
 7.5763
 7.5927
 7.6018
 7.6281
 7.6460
 7.6862
 7.7087
 7.7341
 7.7571
 7.7849
 7.7910
 7.8182
 7.8227
 7.8386
 7.8462
 7.8692
 7.8912
 7.9338
 7.9534
 7.9916
 8.0091
 8.0235
 8.0507
 8.0632
 8.0728
 8.0843
 8.0896
 8.1178
 8.1295
 8.1933
 8.2083
 8.2226
 8.2351
 8.2568
 8.2781
 8.2938
 8.3100
 8.3263
 8.3376
 8.3539
 8.3625
 8.3681
 8.3808
 8.3877
 8.4066
 8.4098
 8.4257
 8.4499
 8.5478
 8.5939
 8.6051
 8.6191
 8.6366
 8.6469
 8.6557
 8.6653
 8.6695
 8.6905
 8.6989
 8.7119
 8.7196
 8.7289
 8.7359
 8.7521
 8.7663
 8.7783
 8.7988
 8.8034
 8.8160
 8.8284
 8.8461
 8.8647
 8.8850
 8.8911
 8.9070
 8.9107
 8.9301
 8.9374
 8.9477
 8.9668
 8.9700
 8.9880
 9.0011
 9.0266
 9.0698
 9.0907
 9.1272
 9.1774
 9.1956
