-3.1316
-2.9702
-2.9346
-2.9207
-2.7770
-2.7461
-2.7285
-2.5606
-2.2310
-2.1977
-2.1769
-2.0781
-2.0512
-2.0083
-1.9942
-1.9793
-1.9500
-1.8367
-1.8281
-1.7743
-1.6591
-1.6493
-1.6087
-1.5071
-1.4766
-1.4460
-1.4413
-1.4032
-1.3918
-1.3121
-1.2927
-1.2725
-1.2443
-1.2150
-1.1892
-1.0921
-1.0816
-1.0306
-0.7589
-0.7520
-0.7240
-0.6914
-0.6798
-0.6497
-0.5720
-0.5629
-0.5118
-0.4905
-0.4740
-0.4617
-0.3261
-0.2011
-0.1817
-0.1688
-0.1558
-0.1402
-0.0978
-0.0419
-0.0102
 0.0034
 0.0183
 0.0393
 0.0467
 0.0774
 0.0938
 0.1159
 0.1645
 0.1937
 0.2195
 0.2425
 0.2712
 0.3138
 0.6333
 0.6799
 0.6992
 0.7085
 0.7290
 0.7522
 0.7601
 0.7823
 0.7970
 0.8094
 0.8381
 0.8497
 0.8875
 0.8966
 0.9102
 0.9258
 0.9375
 0.9565
 0.9771
 0.9874
 0.9968
 1.0116
 1.0311
 1.0374
 1.1265
 1.1412
 1.1726
 1.2784
 1.2874
 1.2987
 1.3178
 1.3338
 1.3623
 1.3923
 1.4555
 1.4836
 1.4946
 1.5145
 1.5342
 1.5459
 1.6249
 1.6504
 1.6711
 1.6871
 1.6918
 1.7095
 1.7141
 1.7372
 1.7499
 1.8253
 1.8416
 1.8643
 1.8798
 1.9042
 1.9373
 2.1466
 2.1680
 2.1729
 2.1936
 2.2007
 2.2174
 2.2421
 2.2472
 2.2632
 2.2682
 2.2916
 2.3101
 2.3707
 2.3935
 2.4239
 2.4414
 2.4588
 2.4810
 2.5613
 2.5935
 2.6219
 2.7237
 2.7395
 2.7517
 2.7666
 2.8062
 2.8207
 2.8684
 2.9017
 2.9259
 2.9488
 2.9814
 3.0093
 3.0454
 3.0696
 3.0808
 3.0921
 3.1094
 3.1252
 3.1344
 3.1523
 3.1556
 3.1687
 3.1863
 3.2032
 3.2698
 3.2998
 3.3236
 3.5364
 3.5540
 3.5790
 3.6100
 3.6256
 3.6450
 3.6563
 3.6825
 3.7001
 3.7378
 3.7588
 3.7639
 3.7780
 3.7908
 3.8010
 3.8131
 3.8262
 3.8290
 3.8460
 3.8528
 3.8677
 3.8866
 3.9019
 3.9112
 3.9761
 3.9833
 4.0009
 4.0197
 4.0392
 4.0645
 4.1112
 4.1381
 4.1560
 4.1901
 4.2088
 4.2375
 4.2504
 4.2656
 4.2866
 4.3059
 4.3203
 4.3391
 4.3491
 4.3521
 4.3667
 4.3791
 4.3965
 4.4074
 4.4281
 4.4582
 4.4761
 4.4922
 4.5044
 4.5172
 4.5247
 4.5303
 4.5418
 4.5606
 4.5724
 4.5797
 4.5913
 4.6034
 4.6118
 4.6186
 4.6320
 4.6373
 4.6613
 4.6675
 4.6998
 4.8444
 4.8479
 4.8998
 4.9671
 4.9885
 5.0066
 5.0160
 5.0207
 5.0301
 5.0710
 5.0928
 5.1066
 5.1155
 5.1383
 5.1467
 5.1618
 5.1727
 5.1890
 5.1990
 5.2262
 5.2444
 5.2511
 5.2602
 5.2748
 5.2928
 5.3100
 5.3303
 5.4378
 5.4442
 5.4853
 5.4962
 5.5133
 5.5276
 5.5400
 5.5668
 5.5765
 5.5971
 5.6186
 5.6408
 5.6631
 5.6733
 5.6879
 5.7076
 5.7762
 5.7896
 5.8020
 5.8259
 5.8355
 5.8586
 5.8785
 5.8907
 5.9044
 5.9147
 5.9303
 5.9365
 5.9581
 5.9752
 5.9884
 6.0000
 6.0187
 6.0267
 6.0363
 6.0536
 6.0625
 6.3806
 6.3982
 6.4122
 6.4243
 6.4595
 6.4736
 6.5063
 6.5231
 6.5323
 6.5925
 6.6061
 6.6258
 6.6302
 6.6441
 6.6636
 6.6746
 6.6904
 6.6943
 6.7126
 6.7205
 6.7458
 6.8011
 6.8153
 6.8261
 6.8510
 6.8729
 6.8794
 6.9033
 6.9176
 6.9354
 6.9485
 6.9567
 6.9698
 6.9820
 6.9975
 7.0315
 7.0811
 7.0908
 7.1206
 7.1252
 7.1452
 7.1627
 7.1705
 7.1896
 7.2140
 7.2287
 7.2373
 7.2476
 7.2650
 7.3015
 7.3294
 7.3866
 7.4018
 7.4085
 7.4219
 7.4342
 7.4423
 7.4581
 7.4638
 7.4807
 7.5098
 7.5307
 7.5500
 7.5580
 7.5717
 7.5904
 7.6027
 7.6207
 7.6405
 7.7050
 7.7207
 7.7551
 7.7715
 7.7829
 7.7928
 7.8096
 7.8250
 7.8415
 7.8550
 7.8596
 7.8681
 7.9394
 7.9555
 7.9976
 8.0181
 8.0265
 8.0469
 8.0683
 8.0718
 8.0831
 8.0926
 8.1001
 8.1203
 8.2047
 8.2157
 8.2305
 8.2469
 8.2527
 8.2758
 8.2819
 8.3090
 8.3271
 8.3382
 8.3559
 8.3570
 8.3660
 8.3762
 8.3808
 8.3949
 8.4141
 8.4327
 8.4565
 8.5614
 8.5946
 8.6046
 8.6104
 8.6327
 8.6448
 8.6511
 8.6665
 8.6744
 8.6846
 8.6979
 8.7051
 8.7158
 8.7283
 8.7351
 8.7505
 8.7747
 8.7809
 8.7944
 8.8127
 8.8265
 8.8345
 8.8483
 8.8715
 8.8730
 8.8852
 8.8981
 8.9087
 8.9174
 8.9381
 8.9425
 8.9607
 8.9842
 8.9907
 9.0026
 9.0370
 9.0604
 9.1026
 9.1193
 9.1656
 9.2008
