-3.2544
-3.0606
-2.7251
-2.7159
-2.6903
-2.6640
-2.5196
-2.5095
-2.5004
-2.4726
-2.3128
-2.1804
-2.1398
-2.1260
-2.1096
-1.9700
-1.9398
-1.9297
-1.9078
-1.7812
-1.7616
-1.7448
-1.7337
-1.7204
-1.2675
-1.2496
-1.2256
-1.2072
-1.2001
-1.1943
-1.1645
-1.1465
-1.0618
-1.0293
-1.0026
-0.9754
-0.8585
-0.8463
-0.8124
-0.7731
-0.6852
-0.6525
-0.6381
-0.6260
-0.5459
-0.5151
-0.4933
-0.4592
-0.4537
-0.4442
-0.3998
-0.3868
-0.3369
-0.3065
-0.2882
-0.2781
-0.2601
-0.2468
-0.2238
-0.2055
-0.1840
-0.1079
-0.1010
-0.0566
-0.0086
 0.2455
 0.2565
 0.2769
 0.3053
 0.3682
 0.4064
 0.4199
 0.4402
 0.4518
 0.4640
 0.4792
 0.4956
 0.5047
 0.5152
 0.5346
 0.5706
 0.6597
 0.7898
 0.8257
 0.8376
 0.8659
 0.9335
 0.9702
 0.9896
 1.0115
 1.0218
 1.0405
 1.0684
 1.0863
 1.1277
 1.1510
 1.1694
 1.1954
 1.2065
 1.2364
 1.2486
 1.2676
 1.3584
 1.3824
 1.4096
 1.4320
 1.6526
 1.6859
 1.7075
 1.7357
 1.7439
 1.7491
 1.7712
 1.7935
 1.8670
 1.8863
 1.8893
 1.9077
 1.9366
 1.9395
 1.9627
 1.9965
 2.0738
 2.0984
 2.1257
 2.1479
 2.2116
 2.2438
 2.2529
 2.2657
 2.2815
 2.2887
 2.2955
 2.3152
 2.3844
 2.4040
 2.4106
 2.4320
 2.4359
 2.4499
 2.4553
 2.4688
 2.4783
 2.4904
 2.5028
 2.5067
 2.5200
 2.5296
 2.5544
 2.5727
 2.6065
 2.6235
 2.6322
 2.6507
 2.6746
 2.6894
 2.7068
 2.7298
 2.8041
 2.8220
 2.8360
 2.8579
 2.9011
 3.1164
 3.1358
 3.1407
 3.1556
 3.1667
 3.1759
 3.1885
 3.1940
 3.2059
 3.2201
 3.2315
 3.2412
 3.2991
 3.3212
 3.3350
 3.3445
 3.3548
 3.3672
 3.3786
 3.3844
 3.3914
 3.4044
 3.4252
 3.4527
 3.6733
 3.6882
 3.7002
 3.7214
 3.7299
 3.7357
 3.7451
 3.7693
 3.8171
 3.8462
 3.8516
 3.8645
 3.8770
 3.8884
 3.8998
 3.9120
 3.9331
 3.9398
 3.9510
 3.9704
 4.0192
 4.0399
 4.0473
 4.0614
 4.0751
 4.0878
 4.1017
 4.1035
 4.1123
 4.1269
 4.1407
 4.1534
 4.1775
 4.5125
 4.5327
 4.5454
 4.5641
 4.5754
 4.5945
 4.6254
 4.6385
 4.7472
 4.7648
 4.7725
 4.7996
 4.8116
 4.8169
 4.8311
 4.8403
 4.8958
 4.9056
 4.9285
 4.9402
 4.9583
 4.9754
 4.9829
 5.0087
 5.0143
 5.0393
 5.0455
 5.0657
 5.0831
 5.0978
 5.1119
 5.1286
 5.1337
 5.1453
 5.1584
 5.1751
 5.1815
 5.1902
 5.2082
 5.2168
 5.3006
 5.3091
 5.3143
 5.3307
 5.3467
 5.3568
 5.3697
 5.3941
 5.4105
 5.4375
 5.4427
 5.4584
 5.4655
 5.4773
 5.4881
 5.4941
 5.5095
 5.5267
 5.5292
 5.5417
 5.5522
 5.5711
 5.5813
 5.6016
 5.6345
 5.6582
 5.6711
 5.6942
 5.8194
 5.8334
 5.9850
 6.0060
 6.0142
 6.0259
 6.0444
 6.0543
 6.0667
 6.0875
 6.0955
 6.1221
 6.1478
 6.1814
 6.2137
 6.2227
 6.2843
 6.3174
 6.3311
 6.3384
 6.3529
 6.3679
 6.4052
 6.4318
 6.5109
 6.5273
 6.5405
 6.5484
 6.5810
 6.6138
 6.6177
 6.6423
 6.6562
 6.6643
 6.6785
 6.6837
 6.6939
 6.7024
 6.7118
 6.7275
 6.7322
 6.7380
 6.7492
 6.7559
 6.7581
 6.7725
 6.7824
 6.7924
 6.8026
 6.8110
 6.8177
 6.8325
 6.8567
 6.8635
 6.8766
 6.8983
 6.9114
 6.9279
 6.9356
 6.9532
 6.9870
 7.0067
 7.0368
 7.0613
 7.0782
 7.0966
 7.1012
 7.1189
 7.1305
 7.1488
 7.1761
 7.1989
 7.2109
 7.2308
 7.2690
 7.4286
 7.4415
 7.4613
 7.4698
 7.5517
 7.5605
 7.5800
 7.5931
 7.5967
 7.6117
 7.6167
 7.6313
 7.6402
 7.6503
 7.6601
 7.6671
 7.6688
 7.6857
 7.6927
 7.7022
 7.7142
 7.7247
 7.7313
 7.7512
 7.7549
 7.7650
 7.7773
 7.7928
 7.8716
 7.8829
 7.9042
 7.9282
 7.9658
 7.9863
 7.9936
 8.0081
 8.0516
 8.0746
 8.0867
 8.1128
 8.1201
 8.1426
 8.1465
 8.1643
 8.1909
 8.1966
 8.2094
 8.2236
 8.2279
 8.2346
 8.2418
 8.2523
 8.2606
 8.2654
 8.2777
 8.2880
 8.3016
 8.3177
 8.3200
 8.3345
 8.3393
 8.3546
 8.3684
 8.3922
 8.4017
 8.4243
 8.4391
 8.4738
 8.5542
 8.5802
 8.5952
 8.6068
 8.6362
 8.6432
 8.7009
 8.7501
 8.7904
 8.8175
 8.8324
 9.0300
 9.0429
 9.0833
 9.1003
 9.1362
 9.1502
 9.1812
 9.1978
 9.2127
 9.2221
 9.2351
 9.2485
 9.2579
 9.2649
 9.2792
 9.2864
 9.2979
 9.3121
 9.3257
