-3.1925
-3.0210
-2.9840
-2.8133
-2.6494
-2.6207
-2.4791
-2.4607
-2.4435
-2.3970
-2.2856
-2.2605
-2.2436
-2.2191
-2.0818
-2.0373
-1.7682
-1.7334
-1.7162
-1.6823
-1.6771
-1.6398
-1.5639
-1.5258
-1.5157
-1.4941
-1.4619
-1.4465
-1.3192
-1.1838
-1.1546
-1.1510
-1.1044
-1.0224
-0.9807
-0.9673
-0.9518
-0.9085
-0.8730
-0.8445
-0.8093
-0.7827
-0.7692
-0.7435
-0.7288
-0.7010
-0.6781
-0.5935
-0.5496
-0.2855
-0.2604
-0.2378
-0.2119
-0.1973
-0.1947
-0.1476
-0.0831
-0.0441
-0.0351
-0.0044
 0.0147
 0.0251
 0.0974
 0.1502
 0.1666
 0.2278
 0.2863
 0.3093
 0.3276
 0.3517
 0.3612
 0.3890
 0.4358
 0.4753
 0.4960
 0.5291
 0.5379
 0.5684
 0.5788
 0.6051
 0.6427
 0.6860
 0.6983
 0.7072
 0.7364
 0.7494
 0.7584
 0.7851
 0.8648
 0.8810
 0.9239
 0.9372
 1.1736
 1.1905
 1.2213
 1.2377
 1.2413
 1.2562
 1.2729
 1.2986
 1.3100
 1.3316
 1.3738
 1.4057
 1.4207
 1.4280
 1.4513
 1.4779
 1.5082
 1.5224
 1.6135
 1.6358
 1.7438
 1.7554
 1.7833
 1.8167
 1.8409
 1.8485
 1.9014
 1.9341
 1.9504
 1.9550
 1.9738
 1.9883
 2.0100
 2.0156
 2.0492
 2.0666
 2.0876
 2.1124
 2.1280
 2.1358
 2.1592
 2.1788
 2.1901
 2.2000
 2.2265
 2.2439
 2.2640
 2.2903
 2.6232
 2.6460
 2.6585
 2.6752
 2.6850
 2.7048
 2.7180
 2.7392
 2.7653
 2.7882
 2.8128
 2.8383
 2.8415
 2.8640
 2.8744
 2.8851
 2.8981
 2.9136
 2.9231
 2.9382
 2.9471
 2.9586
 2.9837
 3.0207
 3.0321
 3.0634
 3.0784
 3.1089
 3.1444
 3.2032
 3.2201
 3.2346
 3.2503
 3.2643
 3.2858
 3.3163
 3.3400
 3.3675
 3.3880
 3.4003
 3.4121
 3.4282
 3.4395
 3.4693
 3.4813
 3.5373
 3.5467
 3.5665
 3.5798
 3.5868
 3.6110
 3.6254
 3.6347
 3.6470
 3.6672
 3.6827
 3.7015
 3.7630
 3.8039
 3.9070
 3.9196
 3.9892
 4.0138
 4.0219
 4.0537
 4.0720
 4.0992
 4.1982
 4.2150
 4.2341
 4.2497
 4.2621
 4.2734
 4.2786
 4.2893
 4.3031
 4.3074
 4.3283
 4.3367
 4.3514
 4.3709
 4.3780
 4.4019
 4.4916
 4.5646
 4.5702
 4.5887
 4.6099
 4.6369
 4.6480
 4.6594
 4.6714
 4.6796
 4.6996
 4.7187
 4.7276
 4.7469
 4.7536
 4.7661
 4.7948
 4.8085
 4.8342
 4.8647
 4.8989
 4.9263
 4.9377
 4.9486
 4.9635
 4.9819
 4.9967
 5.0051
 5.0125
 5.0329
 5.0493
 5.0582
 5.0643
 5.0772
 5.0856
 5.0988
 5.1823
 5.2079
 5.3060
 5.3276
 5.3427
 5.3657
 5.3905
 5.4117
 5.4294
 5.4611
 5.5133
 5.5468
 5.5661
 5.5847
 5.6006
 5.6324
 5.6384
 5.6561
 5.6710
 5.6930
 5.6967
 5.7175
 5.7335
 5.7456
 5.7588
 5.7717
 5.7791
 5.7985
 5.8297
 5.8591
 5.8771
 5.8834
 5.9180
 5.9376
 5.9843
 5.9962
 6.0020
 6.0155
 6.0228
 6.0490
 6.0679
 6.0816
 6.0934
 6.1005
 6.1211
 6.1406
 6.1527
 6.2323
 6.2453
 6.2607
 6.2752
 6.2939
 6.3073
 6.3154
 6.3364
 6.3534
 6.3650
 6.3769
 6.3918
 6.4041
 6.4102
 6.4245
 6.4396
 6.4658
 6.4751
 6.4821
 6.4926
 6.5109
 6.5122
 6.5273
 6.5604
 6.5822
 6.6031
 6.6122
 6.6487
 6.6740
 6.6892
 6.7492
 6.8389
 6.8512
 6.9698
 6.9821
 7.0029
 7.0131
 7.0288
 7.0492
 7.0770
 7.0900
 7.1061
 7.1317
 7.1399
 7.1526
 7.1613
 7.1805
 7.2138
 7.2333
 7.2459
 7.2884
 7.3552
 7.3638
 7.4043
 7.4121
 7.4319
 7.4516
 7.4535
 7.4761
 7.4881
 7.5072
 7.5315
 7.5450
 7.5538
 7.5775
 7.5938
 7.5992
 7.6168
 7.6589
 7.6757
 7.6936
 7.7138
 7.7299
 7.7357
 7.7543
 7.7621
 7.7740
 7.7867
 7.8089
 7.8136
 7.8287
 7.8432
 7.8593
 7.8642
 7.8730
 7.8823
 7.9025
 7.9206
 7.9461
 7.9658
 7.9803
 8.0033
 8.0254
 8.0368
 8.0647
 8.0799
 8.0992
 8.1341
 8.1491
 8.2685
 8.2748
 8.2961
 8.3333
 8.3575
 8.3690
 8.3908
 8.3976
 8.4474
 8.4821
 8.5078
 8.5268
 8.5378
 8.5644
 8.5859
 8.6021
 8.6180
 8.6267
 8.6382
 8.6447
 8.6703
 8.6741
 8.6824
 8.6989
 8.7061
 8.7177
 8.7378
 8.7463
 8.7591
 8.7656
 8.7878
 8.7992
 8.8131
 8.8398
 8.8511
 8.8627
 8.8693
 8.8839
 8.8954
 8.9106
 8.9201
 8.9380
 8.9613
 8.9783
 8.9865
 8.9960
 9.0310
 9.0382
 9.0616
 9.0723
 9.0778
 9.0936
 9.1036
 9.1243
 9.1669
 9.1749
