-3.1404
-2.9684
-2.9553
-2.9264
-2.7795
-2.7541
-2.7324
-2.5636
-2.2309
-2.2216
-2.1875
-2.0792
-2.0341
-2.0175
-2.0068
-1.9996
-1.9596
-1.8497
-1.8121
-1.7949
-1.6882
-1.6329
-1.6138
-1.4971
-1.4854
-1.4704
-1.4399
-1.4333
-1.4018
-1.3215
-1.2937
-1.2615
-1.2492
-1.2248
-1.1996
-1.0998
-1.0581
-1.0418
-0.7861
-0.7529
-0.7244
-0.7072
-0.6845
-0.6641
-0.5612
-0.5519
-0.5209
-0.5042
-0.4802
-0.4630
-0.3316
-0.2302
-0.2019
-0.1670
-0.1406
-0.1287
-0.1110
-0.0562
-0.0240
-0.0063
 0.0096
 0.0277
 0.0517
 0.0616
 0.0791
 0.0954
 0.1817
 0.1971
 0.2320
 0.2444
 0.2768
 0.2969
 0.6380
 0.6667
 0.6862
 0.7115
 0.7305
 0.7384
 0.7520
 0.7654
 0.7704
 0.8091
 0.8209
 0.8343
 0.8809
 0.8893
 0.9041
 0.9199
 0.9360
 0.9576
 0.9704
 0.9908
 0.9985
 1.0089
 1.0237
 1.0510
 1.1027
 1.1445
 1.1633
 1.2640
 1.2849
 1.3026
 1.3129
 1.3416
 1.3654
 1.4022
 1.4482
 1.4558
 1.4837
 1.5071
 1.5158
 1.5565
 1.6136
 1.6479
 1.6603
 1.6711
 1.6882
 1.7064
 1.7226
 1.7521
 1.7655
 1.8304
 1.8502
 1.8652
 1.8808
 1.8979
 1.9423
 2.1236
 2.1461
 2.1769
 2.1890
 2.2011
 2.2130
 2.2226
 2.2502
 2.2678
 2.2741
 2.2980
 2.3109
 2.3840
 2.3913
 2.4193
 2.4370
 2.4478
 2.4617
 2.5584
 2.5992
 2.6130
 2.7033
 2.7393
 2.7511
 2.7746
 2.7992
 2.8216
 2.8773
 2.8987
 2.9155
 2.9314
 2.9693
 2.9949
 3.0496
 3.0644
 3.0721
 3.0884
 3.1100
 3.1195
 3.1263
 3.1402
 3.1534
 3.1727
 3.1939
 3.2240
 3.2631
 3.3039
 3.3218
 3.5202
 3.5489
 3.5737
 3.5985
 3.6193
 3.6411
 3.6586
 3.6754
 3.6978
 3.7189
 3.7449
 3.7664
 3.7788
 3.7882
 3.7950
 3.8117
 3.8204
 3.8342
 3.8482
 3.8574
 3.8736
 3.8786
 3.8963
 3.9152
 3.9724
 3.9900
 4.0001
 4.0130
 4.0198
 4.0690
 4.1017
 4.1210
 4.1394
 4.1930
 4.2192
 4.2263
 4.2479
 4.2656
 4.2718
 4.2974
 4.3103
 4.3196
 4.3317
 4.3529
 4.3625
 4.3718
 4.3926
 4.4041
 4.4458
 4.4552
 4.4813
 4.4883
 4.5138
 4.5178
 4.5271
 4.5400
 4.5482
 4.5610
 4.5684
 4.5773
 4.5901
 4.5984
 4.6113
 4.6147
 4.6251
 4.6453
 4.6543
 4.6759
 4.7086
 4.8283
 4.8739
 4.8940
 4.9671
 4.9730
 4.9921
 5.0044
 5.0196
 5.0432
 5.0745
 5.0884
 5.0927
 5.1032
 5.1204
 5.1265
 5.1591
 5.1711
 5.1957
 5.2113
 5.2250
 5.2319
 5.2581
 5.2741
 5.2795
 5.2953
 5.3217
 5.3330
 5.4130
 5.4424
 5.4651
 5.4914
 5.5063
 5.5323
 5.5441
 5.5510
 5.5728
 5.5921
 5.6101
 5.6346
 5.6416
 5.6658
 5.6770
 5.7083
 5.7725
 5.7877
 5.8016
 5.8134
 5.8536
 5.8653
 5.8724
 5.8916
 5.9075
 5.9192
 5.9273
 5.9461
 5.9527
 5.9699
 5.9777
 6.0093
 6.0141
 6.0311
 6.0474
 6.0541
 6.0802
 6.3808
 6.4014
 6.4171
 6.4321
 6.4472
 6.4737
 6.5029
 6.5201
 6.5303
 6.5786
 6.6007
 6.6164
 6.6363
 6.6550
 6.6648
 6.6707
 6.6796
 6.7005
 6.7021
 6.7244
 6.7403
 6.7934
 6.8100
 6.8227
 6.8462
 6.8633
 6.8748
 6.8924
 6.9138
 6.9376
 6.9519
 6.9603
 6.9677
 6.9836
 6.9949
 7.0255
 7.0656
 7.0906
 7.1029
 7.1298
 7.1449
 7.1563
 7.1849
 7.1880
 7.2037
 7.2118
 7.2409
 7.2555
 7.2686
 7.2969
 7.3155
 7.3822
 7.4011
 7.4041
 7.4105
 7.4245
 7.4377
 7.4493
 7.4613
 7.4771
 7.5055
 7.5292
 7.5507
 7.5601
 7.5704
 7.5868
 7.6183
 7.6241
 7.6514
 7.6755
 7.7042
 7.7166
 7.7497
 7.7752
 7.7888
 7.8152
 7.8313
 7.8406
 7.8542
 7.8575
 7.8739
 7.9423
 7.9633
 7.9882
 8.0085
 8.0333
 8.0405
 8.0617
 8.0758
 8.0897
 8.0985
 8.1122
 8.1235
 8.1837
 8.2064
 8.2164
 8.2388
 8.2542
 8.2754
 8.2845
 8.3071
 8.3191
 8.3346
 8.3416
 8.3595
 8.3751
 8.3835
 8.3937
 8.4060
 8.4132
 8.4255
 8.4424
 8.5599
 8.5727
 8.5982
 8.6079
 8.6243
 8.6376
 8.6409
 8.6549
 8.6700
 8.6820
 8.6907
 8.6986
 8.7146
 8.7330
 8.7482
 8.7595
 8.7660
 8.7860
 8.7974
 8.8046
 8.8150
 8.8376
 8.8470
 8.8574
 8.8642
 8.8826
 8.8935
 8.9014
 8.9209
 8.9337
 8.9517
 8.9712
 8.9773
 8.9891
 9.0049
 9.0268
 9.0560
 9.0860
 9.1232
 9.1756
 9.1969
