-3.2634
-3.0636
-2.7353
-2.7241
-2.6952
-2.6821
-2.5300
-2.5255
-2.4942
-2.4569
-2.3171
-2.1864
-2.1791
-2.1276
-2.1077
-1.9933
-1.9513
-1.9294
-1.8932
-1.8044
-1.7749
-1.7475
-1.7406
-1.7014
-1.2810
-1.2647
-1.2455
-1.2322
-1.1973
-1.1856
-1.1720
-1.1217
-1.0783
-1.0464
-1.0052
-0.9729
-0.8708
-0.8577
-0.8016
-0.7784
-0.6968
-0.6637
-0.6486
-0.6142
-0.5373
-0.5180
-0.5152
-0.4813
-0.4616
-0.4495
-0.4328
-0.4014
-0.3437
-0.3129
-0.2946
-0.2832
-0.2637
-0.2524
-0.2410
-0.2044
-0.1718
-0.1108
-0.0945
-0.0455
-0.0188
 0.2322
 0.2574
 0.2732
 0.2908
 0.3763
 0.3892
 0.4095
 0.4197
 0.4398
 0.4573
 0.4721
 0.4853
 0.5059
 0.5277
 0.5476
 0.5815
 0.6531
 0.7848
 0.8115
 0.8362
 0.8613
 0.9452
 0.9591
 0.9899
 0.9918
 1.0094
 1.0133
 1.0395
 1.0927
 1.1264
 1.1592
 1.1790
 1.1910
 1.2064
 1.2257
 1.2548
 1.2806
 1.3428
 1.3889
 1.3993
 1.4547
 1.6537
 1.6771
 1.6931
 1.7111
 1.7268
 1.7558
 1.7628
 1.7993
 1.8532
 1.8737
 1.9001
 1.9215
 1.9288
 1.9533
 1.9578
 1.9870
 2.0589
 2.0990
 2.1118
 2.1541
 2.1968
 2.2211
 2.2327
 2.2426
 2.2710
 2.2833
 2.2989
 2.3104
 2.3730
 2.3875
 2.4049
 2.4218
 2.4309
 2.4406
 2.4531
 2.4633
 2.4679
 2.4853
 2.4966
 2.5044
 2.5164
 2.5421
 2.5545
 2.5757
 2.6098
 2.6271
 2.6593
 2.6641
 2.6760
 2.6905
 2.7005
 2.7220
 2.7938
 2.8189
 2.8358
 2.8733
 2.8893
 3.0950
 3.1127
 3.1282
 3.1484
 3.1607
 3.1748
 3.1850
 3.2000
 3.2105
 3.2218
 3.2383
 3.2570
 3.3056
 3.3240
 3.3392
 3.3436
 3.3557
 3.3687
 3.3708
 3.3813
 3.3889
 3.4012
 3.4221
 3.4690
 3.6575
 3.6735
 3.6870
 3.6976
 3.7228
 3.7366
 3.7507
 3.7587
 3.8054
 3.8291
 3.8488
 3.8550
 3.8661
 3.8771
 3.8934
 3.9109
 3.9260
 3.9400
 3.9538
 3.9742
 4.0197
 4.0259
 4.0344
 4.0561
 4.0768
 4.0851
 4.0985
 4.1006
 4.1169
 4.1410
 4.1549
 4.1738
 4.2221
 4.5174
 4.5236
 4.5484
 4.5687
 4.5732
 4.5904
 4.6077
 4.6217
 4.7441
 4.7592
 4.7692
 4.7830
 4.8025
 4.8163
 4.8365
 4.8532
 4.8972
 4.9057
 4.9264
 4.9302
 4.9443
 4.9664
 4.9764
 4.9898
 5.0074
 5.0160
 5.0345
 5.0594
 5.0816
 5.0945
 5.1123
 5.1298
 5.1335
 5.1520
 5.1561
 5.1717
 5.1838
 5.1952
 5.2189
 5.2378
 5.2842
 5.2940
 5.3233
 5.3312
 5.3431
 5.3536
 5.3730
 5.3901
 5.4138
 5.4297
 5.4415
 5.4478
 5.4612
 5.4739
 5.4891
 5.4952
 5.5038
 5.5140
 5.5244
 5.5362
 5.5512
 5.5657
 5.5762
 5.6173
 5.6421
 5.6600
 5.6941
 5.7041
 5.8184
 5.8316
 5.9619
 5.9864
 6.0055
 6.0166
 6.0316
 6.0467
 6.0638
 6.0812
 6.0936
 6.1169
 6.1705
 6.1904
 6.2057
 6.2233
 6.2684
 6.2935
 6.3341
 6.3400
 6.3553
 6.3713
 6.4032
 6.4338
 6.4957
 6.5209
 6.5332
 6.5455
 6.5838
 6.5987
 6.6172
 6.6332
 6.6467
 6.6545
 6.6695
 6.6736
 6.6797
 6.6929
 6.7056
 6.7142
 6.7256
 6.7349
 6.7527
 6.7562
 6.7635
 6.7685
 6.7791
 6.7897
 6.7957
 6.8075
 6.8229
 6.8322
 6.8551
 6.8706
 6.8810
 6.8873
 6.9054
 6.9143
 6.9419
 6.9605
 6.9773
 7.0084
 7.0261
 7.0523
 7.0672
 7.0923
 7.1026
 7.1203
 7.1314
 7.1563
 7.1807
 7.1979
 7.2202
 7.2551
 7.2845
 7.4198
 7.4298
 7.4522
 7.4701
 7.5394
 7.5533
 7.5749
 7.5888
 7.5920
 7.6011
 7.6100
 7.6213
 7.6338
 7.6497
 7.6591
 7.6663
 7.6738
 7.6871
 7.6940
 7.7081
 7.7109
 7.7230
 7.7292
 7.7465
 7.7631
 7.7685
 7.7767
 7.8070
 7.8470
 7.8743
 7.9226
 7.9312
 7.9608
 7.9785
 7.9942
 8.0197
 8.0627
 8.0690
 8.0895
 8.0981
 8.1137
 8.1283
 8.1424
 8.1634
 8.1802
 8.1914
 8.1979
 8.2148
 8.2197
 8.2257
 8.2366
 8.2521
 8.2604
 8.2657
 8.2753
 8.2850
 8.2999
 8.3079
 8.3212
 8.3389
 8.3411
 8.3505
 8.3642
 8.3896
 8.4024
 8.4247
 8.4698
 8.4891
 8.5494
 8.5677
 8.5990
 8.6145
 8.6347
 8.6459
 8.6811
 8.7513
 8.7816
 8.8120
 8.8260
 9.0405
 9.0619
 9.0760
 9.1034
 9.1351
 9.1419
 9.1541
 9.1787
 9.2040
 9.2186
 9.2271
 9.2373
 9.2459
 9.2577
 9.2684
 9.2805
 9.2919
 9.3063
 9.3111
