-3.1978
-3.0259
-2.9977
-2.8286
-2.6675
-2.6023
-2.4969
-2.4684
-2.4209
-2.4053
-2.3048
-2.2728
-2.2482
-2.2108
-2.0983
-2.0493
-1.7730
-1.7419
-1.7197
-1.7110
-1.6756
-1.6519
-1.5667
-1.5473
-1.5276
-1.5032
-1.4755
-1.4314
-1.3245
-1.1981
-1.1723
-1.1401
-1.0906
-1.0208
-0.9849
-0.9675
-0.9422
-0.9274
-0.8935
-0.8317
-0.8132
-0.7934
-0.7813
-0.7523
-0.7376
-0.7278
-0.6728
-0.5857
-0.5567
-0.2822
-0.2652
-0.2493
-0.2278
-0.2039
-0.1821
-0.1574
-0.0858
-0.0666
-0.0481
-0.0194
 0.0075
 0.0318
 0.0990
 0.1461
 0.1642
 0.1877
 0.2734
 0.2890
 0.3140
 0.3458
 0.3743
 0.4011
 0.4598
 0.4815
 0.4976
 0.5130
 0.5259
 0.5467
 0.5559
 0.5917
 0.6605
 0.6719
 0.6942
 0.7055
 0.7188
 0.7398
 0.7622
 0.7901
 0.8453
 0.8872
 0.9134
 0.9566
 1.1791
 1.1874
 1.2060
 1.2266
 1.2399
 1.2597
 1.2682
 1.2728
 1.3144
 1.3254
 1.3866
 1.3953
 1.4213
 1.4368
 1.4540
 1.4679
 1.4873
 1.5271
 1.6084
 1.6289
 1.7332
 1.7704
 1.7775
 1.7992
 1.8157
 1.8517
 1.9094
 1.9274
 1.9474
 1.9560
 1.9787
 1.9949
 2.0041
 2.0165
 2.0278
 2.0338
 2.0869
 2.1311
 2.1338
 2.1508
 2.1595
 2.1722
 2.1808
 2.1963
 2.2070
 2.2273
 2.2593
 2.2913
 2.6172
 2.6425
 2.6598
 2.6789
 2.6866
 2.7064
 2.7217
 2.7359
 2.7526
 2.7982
 2.8185
 2.8389
 2.8439
 2.8529
 2.8675
 2.8809
 2.8915
 2.8941
 2.9189
 2.9295
 2.9362
 2.9470
 2.9595
 3.0098
 3.0336
 3.0600
 3.0905
 3.1001
 3.1303
 3.1839
 3.2196
 3.2329
 3.2509
 3.2782
 3.2945
 3.3249
 3.3426
 3.3737
 3.3835
 3.3995
 3.4225
 3.4330
 3.4399
 3.4565
 3.4671
 3.5143
 3.5352
 3.5595
 3.5759
 3.5861
 3.5976
 3.6113
 3.6290
 3.6536
 3.6814
 3.7000
 3.7172
 3.7507
 3.8136
 3.9027
 3.9162
 4.0006
 4.0130
 4.0315
 4.0502
 4.0710
 4.0847
 4.1945
 4.2008
 4.2195
 4.2343
 4.2519
 4.2719
 4.2778
 4.2894
 4.2998
 4.3081
 4.3191
 4.3351
 4.3502
 4.3625
 4.3733
 4.3846
 4.4751
 4.5461
 4.5682
 4.5982
 4.6145
 4.6351
 4.6446
 4.6615
 4.6725
 4.6944
 4.7003
 4.7153
 4.7211
 4.7309
 4.7499
 4.7630
 4.7869
 4.8148
 4.8353
 4.8623
 4.8916
 4.9092
 4.9233
 4.9462
 4.9628
 4.9728
 4.9939
 5.0131
 5.0182
 5.0310
 5.0386
 5.0589
 5.0651
 5.0893
 5.0963
 5.1097
 5.1716
 5.1940
 5.3171
 5.3315
 5.3480
 5.3737
 5.3814
 5.4023
 5.4175
 5.4561
 5.5176
 5.5374
 5.5570
 5.5714
 5.5882
 5.6276
 5.6419
 5.6582
 5.6716
 5.6874
 5.7037
 5.7167
 5.7217
 5.7472
 5.7602
 5.7765
 5.7837
 5.7948
 5.8133
 5.8447
 5.8611
 5.8838
 5.9255
 5.9432
 5.9518
 5.9850
 5.9894
 6.0092
 6.0345
 6.0429
 6.0704
 6.0743
 6.0907
 6.1052
 6.1231
 6.1436
 6.1669
 6.2119
 6.2509
 6.2636
 6.2729
 6.2913
 6.3041
 6.3214
 6.3318
 6.3534
 6.3629
 6.3894
 6.3998
 6.4085
 6.4211
 6.4321
 6.4453
 6.4508
 6.4672
 6.4824
 6.4935
 6.5001
 6.5155
 6.5320
 6.5499
 6.5776
 6.5901
 6.6075
 6.6460
 6.6831
 6.6933
 6.7438
 6.8361
 6.8610
 6.9485
 6.9682
 6.9903
 6.9992
 7.0391
 7.0629
 7.0726
 7.0877
 7.1037
 7.1214
 7.1265
 7.1518
 7.1712
 7.1920
 7.2056
 7.2329
 7.2455
 7.2592
 7.3372
 7.3576
 7.3823
 7.4076
 7.4338
 7.4457
 7.4638
 7.4800
 7.5011
 7.5106
 7.5269
 7.5436
 7.5470
 7.5792
 7.5826
 7.6005
 7.6140
 7.6377
 7.6790
 7.6910
 7.7089
 7.7299
 7.7417
 7.7480
 7.7633
 7.7738
 7.7872
 7.8053
 7.8158
 7.8259
 7.8433
 7.8455
 7.8645
 7.8779
 7.8934
 7.8975
 7.9246
 7.9335
 7.9556
 7.9819
 7.9945
 8.0413
 8.0464
 8.0600
 8.0859
 8.0903
 8.1123
 8.1489
 8.2509
 8.2829
 8.3163
 8.3205
 8.3540
 8.3766
 8.3962
 8.4003
 8.4389
 8.4710
 8.4874
 8.5182
 8.5281
 8.5573
 8.5796
 8.5884
 8.6072
 8.6139
 8.6329
 8.6429
 8.6526
 8.6649
 8.6831
 8.6877
 8.6937
 8.7079
 8.7172
 8.7418
 8.7580
 8.7656
 8.7686
 8.7842
 8.8022
 8.8321
 8.8489
 8.8571
 8.8668
 8.8866
 8.8954
 8.9095
 8.9306
 8.9417
 8.9644
 8.9831
 8.9975
 9.0199
 9.0338
 9.0397
 9.0498
 9.0680
 9.0765
 9.0861
 9.1007
 9.1248
 9.1467
 9.1688
