-3.2594
-3.0743
-2.7520
-2.7078
-2.6803
-2.6624
-2.5593
-2.5188
-2.4925
-2.4763
-2.3224
-2.1967
-2.1489
-2.1105
-2.0869
-2.0140
-1.9655
-1.9179
-1.8997
-1.8127
-1.7694
-1.7666
-1.7245
-1.7071
-1.3133
-1.2637
-1.2452
-1.2221
-1.2007
-1.1922
-1.1609
-1.1462
-1.0657
-1.0099
-0.9869
-0.9729
-0.9131
-0.8306
-0.8162
-0.7834
-0.7055
-0.6705
-0.6291
-0.6031
-0.5399
-0.5198
-0.4957
-0.4795
-0.4636
-0.4417
-0.4087
-0.3986
-0.3375
-0.3318
-0.3071
-0.2938
-0.2719
-0.2433
-0.2144
-0.2063
-0.1866
-0.1302
-0.0714
-0.0475
-0.0361
 0.2103
 0.2412
 0.2862
 0.3096
 0.3461
 0.4015
 0.4105
 0.4257
 0.4428
 0.4578
 0.4677
 0.4835
 0.5086
 0.5208
 0.5471
 0.5747
 0.6546
 0.7588
 0.8191
 0.8540
 0.8668
 0.9271
 0.9529
 0.9854
 1.0010
 1.0194
 1.0462
 1.0658
 1.0806
 1.1187
 1.1556
 1.1743
 1.1937
 1.2080
 1.2256
 1.2532
 1.2773
 1.3386
 1.3759
 1.3982
 1.4457
 1.6506
 1.6700
 1.6940
 1.7138
 1.7528
 1.7656
 1.7863
 1.7980
 1.8502
 1.8652
 1.8935
 1.9176
 1.9307
 1.9372
 1.9660
 1.9908
 2.0454
 2.0883
 2.1115
 2.1521
 2.2028
 2.2154
 2.2358
 2.2612
 2.2674
 2.2951
 2.3107
 2.3512
 2.3531
 2.3763
 2.3872
 2.4073
 2.4247
 2.4380
 2.4498
 2.4631
 2.4736
 2.4824
 2.5041
 2.5158
 2.5317
 2.5556
 2.5577
 2.5805
 2.5966
 2.6175
 2.6397
 2.6628
 2.6823
 2.6855
 2.7234
 2.7302
 2.7698
 2.8269
 2.8473
 2.8660
 2.8816
 3.0944
 3.1140
 3.1250
 3.1341
 3.1585
 3.1724
 3.1836
 3.1964
 3.2084
 3.2162
 3.2376
 3.2559
 3.2894
 3.3080
 3.3176
 3.3456
 3.3615
 3.3691
 3.3835
 3.3865
 3.4067
 3.4184
 3.4372
 3.4493
 3.6407
 3.6683
 3.6814
 3.7084
 3.7197
 3.7311
 3.7564
 3.7791
 3.8045
 3.8262
 3.8454
 3.8719
 3.8855
 3.8903
 3.9043
 3.9129
 3.9332
 3.9536
 3.9656
 3.9869
 4.0041
 4.0242
 4.0410
 4.0573
 4.0631
 4.0788
 4.0878
 4.1072
 4.1169
 4.1319
 4.1499
 4.1713
 4.1952
 4.4889
 4.5328
 4.5540
 4.5653
 4.5713
 4.5945
 4.6069
 4.6357
 4.7395
 4.7558
 4.7696
 4.7852
 4.8131
 4.8237
 4.8358
 4.8472
 4.8749
 4.8911
 4.9165
 4.9455
 4.9496
 4.9648
 4.9761
 4.9896
 4.9993
 5.0155
 5.0463
 5.0609
 5.0727
 5.0905
 5.1092
 5.1182
 5.1279
 5.1495
 5.1655
 5.1757
 5.1887
 5.1981
 5.2185
 5.2420
 5.2784
 5.2907
 5.3096
 5.3320
 5.3432
 5.3567
 5.3657
 5.3875
 5.4068
 5.4221
 5.4365
 5.4597
 5.4643
 5.4744
 5.4904
 5.4987
 5.5111
 5.5189
 5.5380
 5.5453
 5.5656
 5.5813
 5.6015
 5.6124
 5.6290
 5.6562
 5.6838
 5.7051
 5.8064
 5.8281
 5.9285
 5.9831
 6.0052
 6.0148
 6.0474
 6.0703
 6.0783
 6.0825
 6.1109
 6.1431
 6.1569
 6.1680
 6.2056
 6.2344
 6.2522
 6.2906
 6.3091
 6.3286
 6.3434
 6.3725
 6.4084
 6.4294
 6.5087
 6.5286
 6.5418
 6.5628
 6.5712
 6.5965
 6.6256
 6.6324
 6.6560
 6.6618
 6.6780
 6.6856
 6.6924
 6.6964
 6.7043
 6.7145
 6.7243
 6.7391
 6.7477
 6.7582
 6.7641
 6.7720
 6.7789
 6.7885
 6.7948
 6.8148
 6.8227
 6.8311
 6.8469
 6.8536
 6.8719
 6.8969
 6.9066
 6.9249
 6.9396
 6.9704
 6.9799
 7.0247
 7.0411
 7.0463
 7.0623
 7.0878
 7.0970
 7.1079
 7.1344
 7.1400
 7.1719
 7.1914
 7.2295
 7.2538
 7.2643
 7.4080
 7.4372
 7.4555
 7.4632
 7.5492
 7.5603
 7.5693
 7.5787
 7.5917
 7.6046
 7.6141
 7.6230
 7.6356
 7.6409
 7.6488
 7.6571
 7.6759
 7.6820
 7.6904
 7.7019
 7.7136
 7.7212
 7.7345
 7.7372
 7.7584
 7.7688
 7.7807
 7.8143
 7.8612
 7.8946
 7.9022
 7.9357
 7.9519
 7.9834
 7.9854
 8.0016
 8.0365
 8.0792
 8.0847
 8.1000
 8.1206
 8.1344
 8.1469
 8.1633
 8.1776
 8.1877
 8.1971
 8.2074
 8.2184
 8.2326
 8.2467
 8.2491
 8.2664
 8.2715
 8.2767
 8.2917
 8.3041
 8.3191
 8.3252
 8.3301
 8.3597
 8.3643
 8.3704
 8.3928
 8.4044
 8.4408
 8.4574
 8.4719
 8.5476
 8.5673
 8.5882
 8.6038
 8.6209
 8.6605
 8.6814
 8.7474
 8.7782
 8.8084
 8.8334
 9.0319
 9.0589
 9.0830
 9.1051
 9.1187
 9.1444
 9.1575
 9.1887
 9.1944
 9.2048
 9.2201
 9.2387
 9.2504
 9.2604
 9.2731
 9.2854
 9.2963
 9.3004
 9.3101
