-3.2016
-3.0291
-2.9866
-2.8183
-2.6639
-2.6285
-2.4998
-2.4527
-2.4358
-2.4132
-2.3138
-2.2576
-2.2479
-2.2090
-2.0846
-2.0495
-1.7762
-1.7527
-1.7132
-1.6970
-1.6747
-1.6531
-1.5710
-1.5468
-1.5228
-1.4947
-1.4802
-1.4296
-1.3301
-1.1918
-1.1590
-1.1500
-1.1157
-1.0223
-0.9835
-0.9737
-0.9426
-0.9283
-0.9062
-0.8524
-0.7967
-0.7867
-0.7669
-0.7552
-0.7435
-0.7001
-0.6978
-0.5889
-0.5434
-0.2762
-0.2631
-0.2558
-0.2318
-0.2006
-0.1843
-0.1465
-0.0883
-0.0494
-0.0390
-0.0322
-0.0171
 0.0298
 0.1070
 0.1448
 0.1723
 0.1971
 0.2782
 0.3064
 0.3193
 0.3478
 0.3516
 0.3904
 0.4551
 0.4699
 0.4878
 0.5045
 0.5272
 0.5388
 0.5698
 0.5986
 0.6631
 0.6720
 0.6922
 0.7117
 0.7306
 0.7355
 0.7507
 0.7860
 0.8607
 0.8997
 0.9292
 0.9355
 1.1606
 1.1788
 1.2038
 1.2272
 1.2452
 1.2532
 1.2660
 1.2749
 1.3051
 1.3260
 1.3843
 1.4001
 1.4164
 1.4382
 1.4600
 1.4730
 1.5107
 1.5274
 1.6148
 1.6273
 1.7515
 1.7666
 1.7857
 1.8015
 1.8141
 1.8313
 1.9029
 1.9215
 1.9325
 1.9464
 1.9630
 1.9842
 1.9989
 2.0149
 2.0421
 2.0624
 2.1016
 2.1185
 2.1338
 2.1516
 2.1605
 2.1791
 2.1976
 2.2125
 2.2213
 2.2347
 2.2524
 2.2700
 2.6189
 2.6512
 2.6603
 2.6668
 2.6805
 2.7045
 2.7168
 2.7357
 2.7463
 2.7897
 2.8133
 2.8244
 2.8386
 2.8534
 2.8635
 2.8747
 2.8931
 2.8970
 2.9101
 2.9286
 2.9462
 2.9525
 2.9644
 3.0307
 3.0518
 3.0709
 3.0841
 3.1019
 3.1248
 3.1874
 3.2142
 3.2284
 3.2330
 3.2543
 3.2827
 3.3290
 3.3428
 3.3620
 3.3853
 3.3949
 3.4107
 3.4324
 3.4445
 3.4561
 3.4806
 3.5247
 3.5507
 3.5588
 3.5849
 3.5968
 3.6009
 3.6176
 3.6283
 3.6514
 3.6616
 3.6983
 3.7089
 3.7700
 3.8024
 3.9055
 3.9146
 4.0058
 4.0171
 4.0308
 4.0561
 4.0609
 4.0870
 4.1966
 4.2096
 4.2289
 4.2413
 4.2513
 4.2654
 4.2817
 4.2897
 4.2981
 4.3174
 4.3196
 4.3344
 4.3417
 4.3597
 4.3680
 4.3959
 4.4999
 4.5614
 4.5685
 4.5936
 4.6084
 4.6132
 4.6295
 4.6354
 4.6633
 4.6955
 4.7004
 4.7240
 4.7350
 4.7459
 4.7533
 4.7784
 4.7905
 4.8080
 4.8424
 4.8564
 4.8861
 4.9141
 4.9318
 4.9414
 4.9599
 4.9752
 4.9890
 4.9978
 5.0073
 5.0176
 5.0398
 5.0524
 5.0637
 5.0929
 5.1069
 5.1190
 5.1734
 5.2081
 5.3206
 5.3289
 5.3489
 5.3665
 5.3861
 5.4020
 5.4281
 5.4597
 5.5114
 5.5396
 5.5578
 5.5664
 5.5957
 5.6177
 5.6290
 5.6515
 5.6663
 5.6833
 5.7081
 5.7209
 5.7299
 5.7467
 5.7578
 5.7712
 5.7937
 5.8017
 5.8190
 5.8385
 5.8619
 5.8954
 5.9056
 5.9283
 5.9577
 5.9921
 6.0005
 6.0229
 6.0384
 6.0392
 6.0520
 6.0837
 6.0932
 6.1115
 6.1302
 6.1474
 6.1609
 6.2124
 6.2348
 6.2474
 6.2643
 6.2806
 6.2929
 6.3117
 6.3203
 6.3434
 6.3551
 6.3782
 6.3898
 6.4122
 6.4180
 6.4326
 6.4391
 6.4544
 6.4674
 6.4861
 6.4941
 6.5117
 6.5207
 6.5388
 6.5585
 6.5793
 6.5914
 6.6205
 6.6474
 6.6643
 6.7023
 6.7716
 6.8369
 6.8674
 6.9567
 6.9777
 6.9835
 7.0044
 7.0329
 7.0543
 7.0771
 7.0936
 7.1140
 7.1248
 7.1321
 7.1467
 7.1563
 7.1834
 7.2066
 7.2136
 7.2625
 7.2893
 7.3613
 7.3747
 7.3899
 7.3996
 7.4166
 7.4430
 7.4531
 7.4749
 7.4935
 7.5041
 7.5297
 7.5451
 7.5580
 7.5642
 7.5749
 7.5952
 7.6065
 7.6258
 7.6721
 7.6939
 7.7098
 7.7187
 7.7309
 7.7370
 7.7707
 7.7820
 7.7960
 7.8071
 7.8139
 7.8243
 7.8345
 7.8520
 7.8643
 7.8666
 7.8822
 7.9080
 7.9218
 7.9500
 7.9636
 7.9763
 8.0087
 8.0301
 8.0580
 8.0714
 8.0798
 8.0921
 8.1085
 8.1433
 8.2350
 8.2903
 8.3005
 8.3195
 8.3621
 8.3816
 8.3934
 8.4099
 8.4346
 8.4791
 8.4945
 8.5202
 8.5280
 8.5466
 8.5653
 8.5977
 8.6114
 8.6216
 8.6284
 8.6357
 8.6533
 8.6668
 8.6790
 8.6930
 8.7024
 8.7119
 8.7328
 8.7369
 8.7572
 8.7668
 8.7781
 8.7988
 8.8128
 8.8200
 8.8430
 8.8504
 8.8604
 8.8815
 8.9039
 8.9207
 8.9356
 8.9431
 8.9519
 8.9769
 8.9971
 9.0127
 9.0285
 9.0423
 9.0507
 9.0628
 9.0862
 9.0921
 9.1096
 9.1420
 9.1541
 9.1662
