-3.1405
-2.9746
-2.9458
-2.9280
-2.7810
-2.7511
-2.7364
-2.5644
-2.2375
-2.2029
-2.1897
-2.0787
-2.0442
-2.0385
-2.0078
-1.9690
-1.9565
-1.8606
-1.8235
-1.7855
-1.6704
-1.6620
-1.5992
-1.5111
-1.4921
-1.4702
-1.4372
-1.4200
-1.3994
-1.3030
-1.2801
-1.2605
-1.2512
-1.2409
-1.2203
-1.1087
-1.0636
-1.0180
-0.7755
-0.7465
-0.7277
-0.7144
-0.6868
-0.6553
-0.5811
-0.5526
-0.5231
-0.5039
-0.4824
-0.4573
-0.3390
-0.2238
-0.1958
-0.1721
-0.1585
-0.1320
-0.1028
-0.0466
-0.0135
 0.0016
 0.0051
 0.0422
 0.0513
 0.0632
 0.0900
 0.0970
 0.1759
 0.1884
 0.2142
 0.2326
 0.2671
 0.3006
 0.6604
 0.6768
 0.6936
 0.7094
 0.7160
 0.7295
 0.7567
 0.7612
 0.7838
 0.8003
 0.8081
 0.8307
 0.8855
 0.8974
 0.9068
 0.9223
 0.9442
 0.9617
 0.9708
 0.9798
 0.9923
 1.0040
 1.0274
 1.0499
 1.1189
 1.1388
 1.1728
 1.2549
 1.2772
 1.3005
 1.3215
 1.3319
 1.3445
 1.3889
 1.4589
 1.4851
 1.5033
 1.5162
 1.5275
 1.5383
 1.6267
 1.6439
 1.6540
 1.6776
 1.6848
 1.7000
 1.7125
 1.7314
 1.7516
 1.8158
 1.8401
 1.8839
 1.8908
 1.9009
 1.9436
 2.1481
 2.1584
 2.1760
 2.1840
 2.1979
 2.2117
 2.2202
 2.2392
 2.2534
 2.2710
 2.2859
 2.3058
 2.3801
 2.4002
 2.4154
 2.4410
 2.4610
 2.4757
 2.5632
 2.5936
 2.6134
 2.7162
 2.7258
 2.7489
 2.7715
 2.7973
 2.8252
 2.8878
 2.8992
 2.9174
 2.9306
 2.9741
 2.9965
 3.0579
 3.0740
 3.0803
 3.0947
 3.1131
 3.1208
 3.1287
 3.1372
 3.1503
 3.1584
 3.1712
 3.1876
 3.2772
 3.3118
 3.3263
 3.5278
 3.5542
 3.5612
 3.6047
 3.6220
 3.6421
 3.6561
 3.6677
 3.6891
 3.7289
 3.7485
 3.7606
 3.7688
 3.7796
 3.7984
 3.8124
 3.8235
 3.8369
 3.8444
 3.8601
 3.8759
 3.8814
 3.8881
 3.9078
 3.9664
 3.9861
 4.0069
 4.0217
 4.0317
 4.0683
 4.1142
 4.1209
 4.1527
 4.1848
 4.2103
 4.2359
 4.2514
 4.2570
 4.2680
 4.2985
 4.3092
 4.3240
 4.3374
 4.3459
 4.3606
 4.3759
 4.3898
 4.4072
 4.4451
 4.4747
 4.4807
 4.4933
 4.5058
 4.5185
 4.5257
 4.5335
 4.5476
 4.5587
 4.5719
 4.5753
 4.5813
 4.5925
 4.6046
 4.6175
 4.6247
 4.6481
 4.6579
 4.6761
 4.6858
 4.8301
 4.8521
 4.9051
 4.9664
 4.9771
 4.9920
 4.9978
 5.0220
 5.0366
 5.0823
 5.0894
 5.0994
 5.1063
 5.1188
 5.1428
 5.1544
 5.1708
 5.1986
 5.2074
 5.2180
 5.2370
 5.2478
 5.2622
 5.2800
 5.3026
 5.3122
 5.3319
 5.4399
 5.4567
 5.4665
 5.4926
 5.5101
 5.5249
 5.5361
 5.5536
 5.5765
 5.5977
 5.6112
 5.6370
 5.6523
 5.6706
 5.6863
 5.7179
 5.7715
 5.7806
 5.7983
 5.8136
 5.8468
 5.8526
 5.8773
 5.8857
 5.8973
 5.9183
 5.9305
 5.9507
 5.9705
 5.9831
 5.9872
 5.9982
 6.0089
 6.0272
 6.0324
 6.0499
 6.0704
 6.3696
 6.3980
 6.4184
 6.4394
 6.4467
 6.4688
 6.5092
 6.5224
 6.5337
 6.5955
 6.6023
 6.6184
 6.6317
 6.6397
 6.6582
 6.6727
 6.6823
 6.6914
 6.7042
 6.7262
 6.7413
 6.7814
 6.8097
 6.8204
 6.8423
 6.8528
 6.8736
 6.8985
 6.9085
 6.9250
 6.9337
 6.9529
 6.9721
 6.9787
 6.9978
 7.0380
 7.0793
 7.1086
 7.1146
 7.1289
 7.1411
 7.1572
 7.1831
 7.1997
 7.2120
 7.2232
 7.2342
 7.2467
 7.2696
 7.2855
 7.3016
 7.3762
 7.3839
 7.4030
 7.4303
 7.4343
 7.4455
 7.4568
 7.4656
 7.4755
 7.5160
 7.5345
 7.5420
 7.5631
 7.5753
 7.5972
 7.6056
 7.6207
 7.6427
 7.6942
 7.7245
 7.7349
 7.7464
 7.7758
 7.7839
 7.8041
 7.8201
 7.8311
 7.8381
 7.8570
 7.8820
 7.9443
 7.9596
 7.9775
 7.9975
 8.0483
 8.0521
 8.0600
 8.0730
 8.0871
 8.0943
 8.1061
 8.1211
 8.1950
 8.2105
 8.2265
 8.2478
 8.2567
 8.2626
 8.2749
 8.2960
 8.3126
 8.3316
 8.3449
 8.3546
 8.3672
 8.3819
 8.3914
 8.4145
 8.4213
 8.4290
 8.4512
 8.5570
 8.5804
 8.6015
 8.6102
 8.6151
 8.6379
 8.6508
 8.6567
 8.6607
 8.6704
 8.6892
 8.6948
 8.7129
 8.7268
 8.7389
 8.7586
 8.7725
 8.7761
 8.8033
 8.8120
 8.8252
 8.8309
 8.8467
 8.8600
 8.8754
 8.8845
 8.8995
 8.9093
 8.9211
 8.9398
 8.9482
 8.9706
 8.9770
 8.9843
 8.9991
 9.0232
 9.0685
 9.0957
 9.1166
 9.1719
 9.2008
