-3.1400
-2.9766
-2.9554
-2.9144
-2.7845
-2.7605
-2.7241
-2.5659
-2.2386
-2.2156
-2.1813
-2.0745
-2.0438
-2.0307
-2.0168
-1.9708
-1.9524
-1.8512
-1.8307
-1.7792
-1.6851
-1.6609
-1.5957
-1.5151
-1.4801
-1.4711
-1.4479
-1.4201
-1.3990
-1.3193
-1.3023
-1.2613
-1.2319
-1.2216
-1.2074
-1.0924
-1.0721
-1.0220
-0.7903
-0.7666
-0.7295
-0.6959
-0.6850
-0.6564
-0.5876
-0.5559
-0.5143
-0.5000
-0.4924
-0.4398
-0.3340
-0.2198
-0.2116
-0.1859
-0.1724
-0.1199
-0.0935
-0.0409
-0.0211
-0.0042
 0.0216
 0.0294
 0.0473
 0.0657
 0.0832
 0.1173
 0.1696
 0.2048
 0.2325
 0.2512
 0.2631
 0.2677
 0.6384
 0.6609
 0.6975
 0.7182
 0.7288
 0.7471
 0.7584
 0.7674
 0.7735
 0.7933
 0.8222
 0.8371
 0.8698
 0.8788
 0.8975
 0.9208
 0.9323
 0.9459
 0.9790
 0.9901
 0.9959
 1.0160
 1.0378
 1.0515
 1.1093
 1.1351
 1.1830
 1.2522
 1.2566
 1.3163
 1.3339
 1.3384
 1.3567
 1.3718
 1.4576
 1.4679
 1.5101
 1.5141
 1.5269
 1.5606
 1.6163
 1.6398
 1.6568
 1.6732
 1.6820
 1.7060
 1.7195
 1.7394
 1.7521
 1.8121
 1.8346
 1.8731
 1.8992
 1.9113
 1.9273
 2.1222
 2.1431
 2.1728
 2.1968
 2.2090
 2.2262
 2.2411
 2.2497
 2.2576
 2.2734
 2.2834
 2.3119
 2.3651
 2.4026
 2.4091
 2.4316
 2.4483
 2.4820
 2.5637
 2.5972
 2.6250
 2.7081
 2.7271
 2.7564
 2.7822
 2.7924
 2.8067
 2.8827
 2.8995
 2.9401
 2.9427
 2.9640
 2.9871
 3.0456
 3.0590
 3.0757
 3.0931
 3.1009
 3.1165
 3.1263
 3.1323
 3.1510
 3.1691
 3.1791
 3.1991
 3.2817
 3.3102
 3.3349
 3.5300
 3.5411
 3.5662
 3.6004
 3.6277
 3.6465
 3.6705
 3.6839
 3.6912
 3.7243
 3.7331
 3.7457
 3.7633
 3.7835
 3.7907
 3.8068
 3.8183
 3.8307
 3.8579
 3.8687
 3.8749
 3.8899
 3.9070
 3.9157
 3.9632
 3.9803
 3.9942
 4.0280
 4.0499
 4.0655
 4.1175
 4.1256
 4.1453
 4.1883
 4.2182
 4.2280
 4.2355
 4.2671
 4.2885
 4.2957
 4.2980
 4.3176
 4.3353
 4.3441
 4.3595
 4.3815
 4.3865
 4.4020
 4.4240
 4.4476
 4.4690
 4.4906
 4.5014
 4.5099
 4.5232
 4.5326
 4.5462
 4.5548
 4.5695
 4.5799
 4.5917
 4.6086
 4.6175
 4.6241
 4.6334
 4.6443
 4.6499
 4.6777
 4.6956
 4.8362
 4.8535
 4.9051
 4.9580
 4.9721
 4.9976
 5.0069
 5.0129
 5.0260
 5.0686
 5.0768
 5.1059
 5.1152
 5.1287
 5.1544
 5.1623
 5.1814
 5.2017
 5.2225
 5.2277
 5.2431
 5.2519
 5.2669
 5.2734
 5.3117
 5.3184
 5.3279
 5.4220
 5.4456
 5.4599
 5.4801
 5.5019
 5.5439
 5.5536
 5.5669
 5.5742
 5.5793
 5.5857
 5.6376
 5.6537
 5.6697
 5.6952
 5.7166
 5.7762
 5.7826
 5.7969
 5.8174
 5.8355
 5.8538
 5.8785
 5.8872
 5.9076
 5.9147
 5.9245
 5.9495
 5.9626
 5.9750
 5.9892
 5.9988
 6.0062
 6.0280
 6.0396
 6.0517
 6.0655
 6.3739
 6.3928
 6.4215
 6.4347
 6.4547
 6.4663
 6.5074
 6.5177
 6.5286
 6.5860
 6.6050
 6.6145
 6.6310
 6.6375
 6.6574
 6.6717
 6.6867
 6.6931
 6.7091
 6.7296
 6.7409
 6.7778
 6.8177
 6.8198
 6.8345
 6.8585
 6.8729
 6.8917
 6.9103
 6.9252
 6.9427
 6.9577
 6.9691
 6.9841
 6.9942
 7.0175
 7.0800
 7.1064
 7.1215
 7.1310
 7.1447
 7.1555
 7.1858
 7.2017
 7.2176
 7.2214
 7.2407
 7.2506
 7.2588
 7.2809
 7.3026
 7.3813
 7.3877
 7.4123
 7.4194
 7.4298
 7.4506
 7.4585
 7.4634
 7.4815
 7.4991
 7.5340
 7.5529
 7.5726
 7.5850
 7.5940
 7.6165
 7.6201
 7.6384
 7.6873
 7.7157
 7.7452
 7.7521
 7.7671
 7.7820
 7.8105
 7.8188
 7.8299
 7.8456
 7.8573
 7.8723
 7.9386
 7.9532
 7.9811
 8.0181
 8.0327
 8.0519
 8.0621
 8.0690
 8.0837
 8.1007
 8.1158
 8.1220
 8.1902
 8.2065
 8.2178
 8.2399
 8.2475
 8.2673
 8.2769
 8.3001
 8.3296
 8.3382
 8.3545
 8.3608
 8.3663
 8.3800
 8.3944
 8.4028
 8.4171
 8.4297
 8.4464
 8.5449
 8.5731
 8.5948
 8.6113
 8.6262
 8.6357
 8.6524
 8.6627
 8.6715
 8.6850
 8.6925
 8.6953
 8.7082
 8.7321
 8.7453
 8.7551
 8.7652
 8.7738
 8.7904
 8.8059
 8.8192
 8.8274
 8.8434
 8.8476
 8.8716
 8.8901
 8.9021
 8.9163
 8.9211
 8.9364
 8.9523
 8.9582
 8.9662
 8.9839
 9.0002
 9.0251
 9.0722
 9.0842
 9.1217
 9.1765
 9.2015
