-3.2019
-3.0226
-2.9946
-2.8157
-2.6678
-2.6261
-2.4803
-2.4658
-2.4517
-2.4067
-2.2941
-2.2721
-2.2475
-2.2166
-2.0753
-2.0555
-1.7626
-1.7487
-1.7109
-1.7032
-1.6812
-1.6617
-1.5746
-1.5448
-1.5141
-1.4995
-1.4614
-1.4546
-1.3187
-1.1951
-1.1593
-1.1396
-1.1188
-1.0187
-0.9898
-0.9772
-0.9577
-0.9330
-0.9146
-0.8349
-0.8139
-0.7764
-0.7656
-0.7476
-0.7305
-0.7061
-0.6875
-0.5961
-0.5448
-0.2895
-0.2661
-0.2405
-0.2113
-0.1970
-0.1865
-0.1586
-0.0977
-0.0666
-0.0338
-0.0228
 0.0027
 0.0188
 0.1074
 0.1369
 0.1589
 0.1975
 0.2762
 0.3063
 0.3299
 0.3539
 0.3615
 0.3827
 0.4423
 0.4740
 0.4926
 0.5104
 0.5282
 0.5524
 0.5627
 0.5871
 0.6450
 0.6648
 0.6929
 0.7147
 0.7257
 0.7400
 0.7507
 0.7883
 0.8724
 0.9010
 0.9152
 0.9597
 1.1595
 1.1717
 1.2138
 1.2307
 1.2417
 1.2643
 1.2715
 1.2885
 1.3008
 1.3165
 1.3652
 1.3941
 1.4345
 1.4518
 1.4604
 1.4729
 1.4814
 1.5241
 1.5962
 1.6361
 1.7396
 1.7675
 1.7857
 1.7973
 1.8193
 1.8456
 1.9042
 1.9292
 1.9565
 1.9641
 1.9711
 1.9839
 1.9867
 1.9996
 2.0337
 2.0634
 2.0836
 2.1122
 2.1306
 2.1602
 2.1682
 2.1772
 2.1919
 2.2054
 2.2201
 2.2334
 2.2574
 2.2782
 2.6278
 2.6423
 2.6604
 2.6787
 2.6840
 2.6941
 2.7050
 2.7156
 2.7607
 2.7908
 2.8015
 2.8224
 2.8334
 2.8500
 2.8777
 2.8837
 2.8913
 2.8954
 2.9134
 2.9260
 2.9421
 2.9616
 2.9848
 3.0306
 3.0482
 3.0602
 3.0714
 3.0903
 3.1357
 3.1945
 3.2171
 3.2316
 3.2394
 3.2610
 3.2704
 3.3281
 3.3409
 3.3685
 3.3858
 3.3997
 3.4205
 3.4244
 3.4456
 3.4525
 3.4718
 3.5105
 3.5544
 3.5637
 3.5784
 3.5870
 3.6033
 3.6232
 3.6514
 3.6635
 3.6709
 3.6866
 3.7086
 3.7727
 3.7964
 3.9043
 3.9185
 3.9933
 4.0130
 4.0241
 4.0562
 4.0635
 4.0863
 4.1882
 4.2078
 4.2356
 4.2427
 4.2601
 4.2694
 4.2809
 4.2951
 4.3060
 4.3162
 4.3288
 4.3313
 4.3419
 4.3623
 4.3673
 4.3928
 4.4849
 4.5524
 4.5591
 4.5853
 4.6114
 4.6271
 4.6399
 4.6519
 4.6696
 4.6817
 4.7004
 4.7143
 4.7158
 4.7401
 4.7527
 4.7694
 4.7963
 4.8220
 4.8321
 4.8496
 4.8954
 4.9184
 4.9323
 4.9373
 4.9524
 4.9693
 4.9776
 4.9983
 5.0155
 5.0298
 5.0454
 5.0539
 5.0629
 5.0903
 5.1121
 5.1232
 5.1792
 5.2151
 5.3115
 5.3235
 5.3590
 5.3685
 5.3871
 5.3985
 5.4150
 5.4669
 5.4948
 5.5364
 5.5597
 5.5707
 5.5851
 5.6174
 5.6338
 5.6422
 5.6705
 5.7067
 5.7169
 5.7251
 5.7375
 5.7464
 5.7602
 5.7695
 5.7885
 5.8024
 5.8103
 5.8412
 5.8702
 5.8826
 5.9038
 5.9263
 5.9715
 5.9949
 6.0007
 6.0186
 6.0327
 6.0446
 6.0652
 6.0717
 6.0941
 6.1018
 6.1160
 6.1237
 6.1761
 6.2295
 6.2408
 6.2584
 6.2657
 6.2760
 6.2835
 6.3063
 6.3287
 6.3521
 6.3664
 6.3773
 6.3964
 6.4011
 6.4164
 6.4252
 6.4488
 6.4579
 6.4652
 6.4796
 6.4925
 6.5042
 6.5147
 6.5354
 6.5709
 6.5836
 6.6011
 6.6169
 6.6405
 6.6832
 6.7002
 6.7716
 6.8396
 6.8611
 6.9519
 6.9709
 6.9910
 7.0032
 7.0295
 7.0500
 7.0804
 7.0952
 7.1004
 7.1180
 7.1349
 7.1498
 7.1625
 7.1857
 7.1909
 7.2250
 7.2384
 7.2930
 7.3450
 7.3695
 7.3857
 7.4070
 7.4234
 7.4413
 7.4622
 7.4707
 7.4864
 7.5038
 7.5208
 7.5363
 7.5616
 7.5653
 7.5766
 7.5996
 7.6046
 7.6555
 7.6692
 7.6869
 7.7081
 7.7190
 7.7315
 7.7458
 7.7570
 7.7759
 7.7922
 7.7974
 7.8183
 7.8241
 7.8377
 7.8535
 7.8612
 7.8808
 7.9001
 7.9069
 7.9131
 7.9489
 7.9582
 7.9814
 8.0013
 8.0417
 8.0527
 8.0670
 8.0856
 8.0932
 8.1200
 8.1599
 8.2621
 8.2712
 8.2969
 8.3248
 8.3734
 8.3779
 8.3862
 8.4070
 8.4343
 8.4640
 8.5116
 8.5213
 8.5323
 8.5433
 8.5740
 8.5964
 8.6142
 8.6271
 8.6368
 8.6461
 8.6570
 8.6614
 8.6769
 8.6911
 8.6989
 8.7137
 8.7283
 8.7394
 8.7467
 8.7552
 8.7674
 8.7868
 8.8052
 8.8255
 8.8409
 8.8505
 8.8717
 8.8854
 8.8970
 8.9104
 8.9237
 8.9391
 8.9575
 8.9716
 8.9962
 9.0198
 9.0379
 9.0468
 9.0526
 9.0773
 9.0840
 9.0943
 9.1030
 9.1146
 9.1530
 9.1707
