-3.1980
-3.0136
-3.0112
-2.8269
-2.6676
-2.6029
-2.5025
-2.4569
-2.4308
-2.3999
-2.2975
-2.2738
-2.2598
-2.2063
-2.0919
-2.0603
-1.7772
-1.7497
-1.7147
-1.6992
-1.6773
-1.6367
-1.5625
-1.5433
-1.5334
-1.5032
-1.4899
-1.4376
-1.3312
-1.1858
-1.1606
-1.1426
-1.0950
-1.0150
-0.9898
-0.9755
-0.9536
-0.9339
-0.9090
-0.8199
-0.8049
-0.7888
-0.7647
-0.7503
-0.7279
-0.7200
-0.6867
-0.5970
-0.5534
-0.2841
-0.2682
-0.2463
-0.2347
-0.2166
-0.1800
-0.1499
-0.0790
-0.0589
-0.0459
-0.0197
-0.0081
 0.0181
 0.1074
 0.1353
 0.1576
 0.1940
 0.2835
 0.3101
 0.3233
 0.3471
 0.3793
 0.3998
 0.4588
 0.4793
 0.4839
 0.5055
 0.5288
 0.5534
 0.5828
 0.5964
 0.6520
 0.6666
 0.6892
 0.7022
 0.7216
 0.7262
 0.7507
 0.7776
 0.8610
 0.8944
 0.9156
 0.9408
 1.1706
 1.1933
 1.2070
 1.2173
 1.2359
 1.2508
 1.2717
 1.2856
 1.3047
 1.3311
 1.3838
 1.4107
 1.4241
 1.4302
 1.4521
 1.4705
 1.4870
 1.5287
 1.6073
 1.6200
 1.7565
 1.7720
 1.7859
 1.8100
 1.8326
 1.8406
 1.9106
 1.9316
 1.9379
 1.9471
 1.9622
 1.9857
 2.0057
 2.0135
 2.0234
 2.0597
 2.1026
 2.1246
 2.1404
 2.1493
 2.1676
 2.1779
 2.1869
 2.1983
 2.2074
 2.2109
 2.2424
 2.2687
 2.6289
 2.6505
 2.6715
 2.6796
 2.6832
 2.6875
 2.7065
 2.7304
 2.7380
 2.7996
 2.8138
 2.8317
 2.8491
 2.8621
 2.8711
 2.8821
 2.8874
 2.9007
 2.9081
 2.9222
 2.9388
 2.9555
 2.9777
 3.0314
 3.0486
 3.0669
 3.0748
 3.0922
 3.1335
 3.1854
 3.2288
 3.2395
 3.2501
 3.2660
 3.2779
 3.3247
 3.3402
 3.3652
 3.3918
 3.4000
 3.4161
 3.4218
 3.4357
 3.4439
 3.4786
 3.5280
 3.5415
 3.5576
 3.5815
 3.5905
 3.6049
 3.6179
 3.6352
 3.6613
 3.6689
 3.6965
 3.7077
 3.7610
 3.7953
 3.8995
 3.9048
 3.9966
 4.0054
 4.0348
 4.0510
 4.0648
 4.0915
 4.2041
 4.2145
 4.2246
 4.2403
 4.2539
 4.2651
 4.2717
 4.2810
 4.2974
 4.3138
 4.3201
 4.3323
 4.3516
 4.3675
 4.3762
 4.3908
 4.4885
 4.5529
 4.5660
 4.5990
 4.6136
 4.6344
 4.6495
 4.6535
 4.6668
 4.6780
 4.7034
 4.7122
 4.7228
 4.7369
 4.7552
 4.7644
 4.7951
 4.8109
 4.8334
 4.8671
 4.8744
 4.9178
 4.9361
 4.9468
 4.9570
 4.9814
 4.9887
 4.9957
 5.0084
 5.0349
 5.0401
 5.0473
 5.0646
 5.0816
 5.1067
 5.1096
 5.1822
 5.1992
 5.3070
 5.3256
 5.3497
 5.3606
 5.3758
 5.4136
 5.4374
 5.4591
 5.4802
 5.5343
 5.5431
 5.5740
 5.5932
 5.6199
 5.6347
 5.6629
 5.6841
 5.6964
 5.7103
 5.7190
 5.7344
 5.7449
 5.7548
 5.7757
 5.7911
 5.7947
 5.8239
 5.8509
 5.8683
 5.8807
 5.9062
 5.9270
 5.9597
 5.9841
 5.9913
 6.0151
 6.0246
 6.0546
 6.0635
 6.0793
 6.1080
 6.1170
 6.1187
 6.1426
 6.1511
 6.2136
 6.2500
 6.2608
 6.2794
 6.2860
 6.2994
 6.3155
 6.3275
 6.3554
 6.3687
 6.3838
 6.3918
 6.4073
 6.4174
 6.4351
 6.4465
 6.4525
 6.4663
 6.4827
 6.4970
 6.5110
 6.5187
 6.5300
 6.5562
 6.5764
 6.5965
 6.6029
 6.6479
 6.6778
 6.6968
 6.7473
 6.8265
 6.8523
 6.9689
 6.9793
 6.9963
 7.0054
 7.0493
 7.0559
 7.0623
 7.0900
 7.1105
 7.1206
 7.1332
 7.1510
 7.1657
 7.1727
 7.1926
 7.2159
 7.2536
 7.2723
 7.3363
 7.3607
 7.3755
 7.4093
 7.4209
 7.4430
 7.4660
 7.4765
 7.4946
 7.5184
 7.5404
 7.5497
 7.5624
 7.5712
 7.5787
 7.6027
 7.6115
 7.6295
 7.6691
 7.6883
 7.7121
 7.7193
 7.7348
 7.7526
 7.7646
 7.7674
 7.7936
 7.8081
 7.8140
 7.8342
 7.8432
 7.8575
 7.8729
 7.8847
 7.8874
 7.8989
 7.9149
 7.9419
 7.9636
 7.9846
 7.9907
 8.0159
 8.0344
 8.0607
 8.0798
 8.0899
 8.1175
 8.1523
 8.2465
 8.2849
 8.3126
 8.3357
 8.3624
 8.3847
 8.3909
 8.4141
 8.4260
 8.4634
 8.4906
 8.5063
 8.5231
 8.5449
 8.5717
 8.5881
 8.6091
 8.6163
 8.6322
 8.6442
 8.6490
 8.6650
 8.6820
 8.6883
 8.7005
 8.7104
 8.7232
 8.7369
 8.7484
 8.7533
 8.7728
 8.7962
 8.8189
 8.8286
 8.8505
 8.8620
 8.8802
 8.8882
 8.9002
 8.9126
 8.9257
 8.9401
 8.9580
 8.9805
 8.9952
 9.0106
 9.0240
 9.0460
 9.0567
 9.0732
 9.0792
 9.0888
 9.1147
 9.1237
 9.1541
 9.1706
