-3.2017
-3.0261
-2.9918
-2.8137
-2.6584
-2.6375
-2.4951
-2.4710
-2.4365
-2.3989
-2.2967
-2.2673
-2.2448
-2.2184
-2.0914
-2.0379
-1.7817
-1.7604
-1.7243
-1.6897
-1.6778
-1.6527
-1.5874
-1.5296
-1.5082
-1.4828
-1.4637
-1.4529
-1.3333
-1.1887
-1.1773
-1.1311
-1.1170
-1.0159
-1.0056
-0.9628
-0.9375
-0.9317
-0.8939
-0.8395
-0.8250
-0.8087
-0.7549
-0.7475
-0.7325
-0.7126
-0.6817
-0.5861
-0.5455
-0.2998
-0.2790
-0.2485
-0.2199
-0.1952
-0.1862
-0.1666
-0.1028
-0.0570
-0.0330
-0.0177
 0.0085
 0.0308
 0.1113
 0.1453
 0.1494
 0.2103
 0.2783
 0.3032
 0.3219
 0.3392
 0.3685
 0.3944
 0.4423
 0.4682
 0.4757
 0.4977
 0.5356
 0.5562
 0.5657
 0.6116
 0.6476
 0.6662
 0.6846
 0.7097
 0.7306
 0.7433
 0.7746
 0.7936
 0.8741
 0.8816
 0.9133
 0.9495
 1.1605
 1.1728
 1.1989
 1.2220
 1.2440
 1.2557
 1.2678
 1.2884
 1.3151
 1.3336
 1.3788
 1.3886
 1.4172
 1.4383
 1.4685
 1.4778
 1.5027
 1.5293
 1.5987
 1.6554
 1.7295
 1.7568
 1.7812
 1.7982
 1.8128
 1.8486
 1.9087
 1.9224
 1.9361
 1.9510
 1.9648
 1.9790
 1.9921
 2.0170
 2.0361
 2.0522
 2.0784
 2.0990
 2.1295
 2.1432
 2.1598
 2.1773
 2.1991
 2.2059
 2.2327
 2.2393
 2.2697
 2.2936
 2.6102
 2.6381
 2.6538
 2.6833
 2.6862
 2.6950
 2.7019
 2.7345
 2.7579
 2.7761
 2.8000
 2.8113
 2.8340
 2.8543
 2.8683
 2.8844
 2.9014
 2.9134
 2.9226
 2.9445
 2.9552
 2.9651
 2.9867
 3.0241
 3.0379
 3.0630
 3.0770
 3.0941
 3.1522
 3.1766
 3.2113
 3.2254
 3.2436
 3.2649
 3.2857
 3.3162
 3.3273
 3.3562
 3.3971
 3.4070
 3.4132
 3.4268
 3.4441
 3.4556
 3.4750
 3.5245
 3.5438
 3.5619
 3.5712
 3.5899
 3.6176
 3.6267
 3.6414
 3.6479
 3.6642
 3.6923
 3.7083
 3.7734
 3.8057
 3.9030
 3.9212
 3.9710
 4.0085
 4.0319
 4.0446
 4.0786
 4.0915
 4.1817
 4.2109
 4.2227
 4.2288
 4.2542
 4.2690
 4.2787
 4.2864
 4.2956
 4.3195
 4.3357
 4.3469
 4.3584
 4.3619
 4.3761
 4.4110
 4.4976
 4.5518
 4.5666
 4.5725
 4.6083
 4.6178
 4.6384
 4.6512
 4.6659
 4.6836
 4.6980
 4.7188
 4.7257
 4.7405
 4.7515
 4.7642
 4.7920
 4.8070
 4.8404
 4.8539
 4.8924
 4.9116
 4.9289
 4.9437
 4.9600
 4.9779
 4.9959
 4.9978
 5.0092
 5.0340
 5.0376
 5.0574
 5.0741
 5.0813
 5.0936
 5.1210
 5.1680
 5.1987
 5.3080
 5.3273
 5.3539
 5.3623
 5.3813
 5.4134
 5.4346
 5.4661
 5.5065
 5.5489
 5.5597
 5.5739
 5.5883
 5.6266
 5.6439
 5.6473
 5.6689
 5.6860
 5.7038
 5.7224
 5.7274
 5.7365
 5.7527
 5.7681
 5.7869
 5.7963
 5.8330
 5.8456
 5.8638
 5.8894
 5.8939
 5.9251
 5.9662
 5.9793
 6.0018
 6.0106
 6.0254
 6.0449
 6.0553
 6.0889
 6.1095
 6.1134
 6.1339
 6.1394
 6.1588
 6.2139
 6.2283
 6.2489
 6.2707
 6.2897
 6.2972
 6.3112
 6.3381
 6.3457
 6.3611
 6.3807
 6.3898
 6.4017
 6.4161
 6.4274
 6.4412
 6.4527
 6.4598
 6.4757
 6.4943
 6.5056
 6.5181
 6.5313
 6.5627
 6.5921
 6.6059
 6.6154
 6.6359
 6.6763
 6.7136
 6.7644
 6.8299
 6.8647
 6.9473
 6.9728
 6.9915
 7.0071
 7.0282
 7.0570
 7.0703
 7.0794
 7.1030
 7.1200
 7.1326
 7.1565
 7.1693
 7.1762
 7.2087
 7.2349
 7.2551
 7.2887
 7.3421
 7.3674
 7.3863
 7.4131
 7.4266
 7.4448
 7.4585
 7.4742
 7.4908
 7.5086
 7.5322
 7.5431
 7.5532
 7.5720
 7.5791
 7.5965
 7.6074
 7.6530
 7.6593
 7.6825
 7.7053
 7.7137
 7.7370
 7.7588
 7.7634
 7.7807
 7.7908
 7.8003
 7.8103
 7.8321
 7.8335
 7.8497
 7.8588
 7.8740
 7.8915
 7.9046
 7.9324
 7.9500
 7.9633
 7.9930
 8.0043
 8.0390
 8.0470
 8.0567
 8.0655
 8.0940
 8.1152
 8.1558
 8.2545
 8.2704
 8.3059
 8.3319
 8.3451
 8.3741
 8.3909
 8.4054
 8.4435
 8.4722
 8.4906
 8.5214
 8.5338
 8.5457
 8.5575
 8.5905
 8.5973
 8.6188
 8.6388
 8.6500
 8.6574
 8.6720
 8.6807
 8.6937
 8.7000
 8.7155
 8.7261
 8.7392
 8.7530
 8.7620
 8.7801
 8.7983
 8.8127
 8.8329
 8.8428
 8.8587
 8.8710
 8.8886
 8.8960
 8.9084
 8.9183
 8.9456
 8.9572
 8.9649
 8.9935
 9.0165
 9.0363
 9.0458
 9.0584
 9.0696
 9.0793
 9.0822
 9.1112
 9.1231
 9.1573
 9.1675
